0 1
1 0
2 0
3 0
4 1
5 0
6 6
7 3
8 46
9 118
10 612
11 2012
12 8300
13 28340
14 35504
15 5401
16 39785
17 52951
18 16567
19 25458
20 9844
21 14039
22 62643
23 7138
24 34009
25 34727
26 16578
27 24654
28 55372
29 55299
30 8910
31 22292
32 26698
33 45114
34 8359
35 51840
36 3316
37 17226
38 64889
39 62374
40 31651
41 10347
42 509
43 28044
44 43768
45 9713
46 44624
47 64388
48 32871
49 33473
50 4658
51 30219
52 21859
53 48366
54 50715
55 26022
56 27153
57 9876
58 47756
59 12269
60 50723
61 40173
62 17704
63 47650
64 61383
65 16316
66 3509
67 63140
68 37031
69 9297
70 19070
71 10884
72 45246
73 58058
74 28697
75 36447
76 33602
77 26482
78 53642
79 34564
80 40572
81 34587
82 32810
83 15491
84 56879
85 13905
86 51882
87 2410
88 64537
89 53009
90 61282
91 40958
92 29754
93 1676
94 19221
95 58038
96 4667
97 49088
98 16195
99 42750
100 1947
101 34400
102 37933
103 59496
104 6342
105 39307
106 11657
107 34832
108 32760
109 52278
110 29437
111 7487
112 29541
113 36233
114 53490
115 10997
116 53359
117 59782
118 22015
119 9242
120 59496
121 1621
122 4587
123 43952
124 61973
125 31976
126 52017
127 24055
128 40948
129 14751
130 54404
131 22961
132 61922
133 2311
134 7308
135 5381
136 21900
137 25591
138 28606
139 25367
140 25565
141 29577
142 7355
143 54933
144 3699
145 64601
146 2181
147 50707
148 15362
149 42002
150 50083
151 40221
152 42042
153 3432
154 28750
155 40487
156 523
157 56997
158 54114
159 1691
160 10763
161 11482
162 9629
163 898
164 25486
165 59275
166 53659
167 25054
168 53846
169 46486
170 18552
171 40697
172 44896
173 9927
174 15579
175 20911
176 2958
177 17184
178 16963
179 25167
180 23445
181 3293
182 15482
183 6805
184 38103
185 26623
186 13829
187 56295
188 56643
189 15895
190 39802
191 63257
192 60374
193 3247
194 32007
195 18046
196 42137
197 56548
198 41924
199 21162
200 23118
201 59492
202 61841
203 32667
204 8530
205 13290
206 10071
207 37880
208 5793
209 29792
210 62278
211 60013
212 52833
213 40914
214 51076
215 39107
216 59718
217 52142
218 3769
219 29350
220 56130
221 7292
222 29059
223 6337
224 1111
225 41868
226 19071
227 52155
228 3942
229 16944
230 38112
231 13397
232 41119
233 31360
234 22277
235 4198
236 4206
237 28797
238 14359
239 45810
240 51322
241 14278
242 43448
243 65345
244 21717
245 47911
246 33387
247 24518
248 45329
249 35427
250 3645
251 48411
252 10085
253 39710
254 26091
255 2534
256 49682
257 286
258 9590
259 3384
260 44899
261 65237
262 30335
263 28529
264 6264
265 60013
266 56358
267 31634
268 58533
269 41346
270 50979
271 11192
272 42504
273 831
274 50744
275 8856
276 25913
277 54479
278 10220
279 1578
280 27493
281 4076
282 8260
283 12276
284 21794
285 59918
286 13343
287 29167
288 48746
289 45716
290 30187
291 10878
292 29197
293 52205
294 48345
295 57823
296 56054
297 6813
298 35626
299 57892
300 48881
301 25667
302 30149
303 7407
304 24582
305 52584
306 8407
307 27428
308 11121
309 35800
310 36642
311 20123
312 6269
313 40534
314 35922
315 42661
316 26296
317 48713
318 505
319 43406
320 64866
321 63374
322 1899
323 14493
324 31552
325 26948
326 38811
327 17719
328 6397
329 55579
330 6491
331 39165
332 16820
333 35744
334 40375
335 55496
336 11050
337 5803
338 22228
339 43311
340 35729
341 25480
342 29903
343 25065
344 8750
345 3798
346 31994
347 35982
348 54110
349 30228
350 31604
351 6995
352 19006
353 17616
354 47451
355 6998
356 26862
357 17185
358 15508
359 51148
360 43282
361 64038
362 58213
363 18192
364 10921
365 54011
366 56087
367 20179
368 49693
369 62819
370 26870
371 3118
372 50988
373 16073
374 55714
375 11491
376 12972
377 63183
378 24890
379 49653
380 50363
381 31036
382 4267
383 54758
384 27152
385 39293
386 43738
387 56187
388 60033
389 19376
390 58284
391 29270
392 35566
393 24427
394 61195
395 25130
396 36094
397 2706
398 51884
399 54716
400 17262
