0 1
1 0
2 0
3 1
4 0
5 0
6 6
7 0
8 0
9 81
10 0
11 0
12 1990
13 0
14 0
15 46543
16 0
17 0
18 23168
19 0
20 0
21 56139
22 0
23 0
24 26250
25 0
26 0
27 50322
28 0
29 0
30 46293
31 0
32 0
33 47608
34 0
35 0
36 48025
37 0
38 0
39 22413
40 0
41 0
42 58973
43 0
44 0
45 43494
46 0
47 0
48 37563
49 0
50 0
51 14497
52 0
53 0
54 49086
55 0
56 0
57 64445
58 0
59 0
60 21844
61 0
62 0
63 15202
64 0
65 0
66 18023
67 0
68 0
69 20416
70 0
71 0
72 63743
73 0
74 0
75 26059
76 0
77 0
78 16524
79 0
80 0
81 48296
82 0
83 0
84 943
85 0
86 0
87 38791
88 0
89 0
90 16122
91 0
92 0
93 59089
94 0
95 0
96 15197
97 0
98 0
99 55300
100 0
101 0
102 43496
103 0
104 0
105 55857
106 0
107 0
108 23387
109 0
110 0
111 36897
112 0
113 0
114 31824
115 0
116 0
117 9594
118 0
119 0
120 30863
121 0
122 0
123 46134
124 0
125 0
126 54054
127 0
128 0
129 12041
130 0
131 0
132 27291
133 0
134 0
135 11885
136 0
137 0
138 51031
139 0
140 0
141 43750
142 0
143 0
144 17548
145 0
146 0
147 33906
148 0
149 0
150 16521
151 0
152 0
153 44747
154 0
155 0
156 8056
157 0
158 0
159 48341
160 0
161 0
162 37025
163 0
164 0
165 34635
166 0
167 0
168 48889
169 0
170 0
171 56593
172 0
173 0
174 15990
175 0
176 0
177 51539
178 0
179 0
180 19505
181 0
182 0
183 7338
184 0
185 0
186 16659
187 0
188 0
189 57999
190 0
191 0
192 44212
193 0
194 0
195 5344
196 0
197 0
198 262
199 0
200 0
201 46707
202 0
203 0
204 14788
205 0
206 0
207 31345
208 0
209 0
210 38097
211 0
212 0
213 49975
214 0
215 0
216 56222
217 0
218 0
219 14588
220 0
221 0
222 13256
223 0
224 0
225 12288
226 0
227 0
228 54145
229 0
230 0
231 48992
232 0
233 0
234 6887
235 0
236 0
237 26022
238 0
239 0
240 27398
241 0
242 0
243 24372
244 0
245 0
246 33561
247 0
248 0
249 55319
250 0
251 0
252 57205
253 0
254 0
255 61137
256 0
257 0
258 8616
259 0
260 0
261 44180
262 0
263 0
264 23156
265 0
266 0
267 57219
268 0
269 0
270 6022
271 0
272 0
273 44591
274 0
275 0
276 42046
277 0
278 0
279 45025
280 0
281 0
282 7150
283 0
284 0
285 37167
286 0
287 0
288 35515
289 0
290 0
291 64822
292 0
293 0
294 17226
295 0
296 0
297 61378
298 0
299 0
300 38479
301 0
302 0
303 263
304 0
305 0
306 11511
307 0
308 0
309 61732
310 0
311 0
312 39431
313 0
314 0
315 21055
316 0
317 0
318 38771
319 0
320 0
321 44171
322 0
323 0
324 22264
325 0
326 0
327 27465
328 0
329 0
330 24545
331 0
332 0
333 62750
334 0
335 0
336 51831
337 0
338 0
339 11293
340 0
341 0
342 46704
343 0
344 0
345 4755
346 0
347 0
348 17886
349 0
350 0
351 65381
352 0
353 0
354 21013
355 0
356 0
357 59364
358 0
359 0
360 40614
361 0
362 0
363 26068
364 0
365 0
366 34671
367 0
368 0
369 51988
370 0
371 0
372 35917
373 0
374 0
375 54702
376 0
377 0
378 27268
379 0
380 0
381 4444
382 0
383 0
384 24482
385 0
386 0
387 65315
388 0
389 0
390 13517
391 0
392 0
393 34570
394 0
395 0
396 21040
397 0
398 0
399 3782
400 0
401 0
402 40658
403 0
404 0
405 58663
406 0
407 0
408 46907
409 0
410 0
411 10969
412 0
413 0
414 19051
415 0
416 0
417 42099
418 0
419 0
420 54212
421 0
422 0
423 14441
424 0
425 0
426 30747
427 0
428 0
429 14852
430 0
431 0
432 29339
433 0
434 0
435 45528
436 0
437 0
438 26491
439 0
440 0
441 27744
442 0
443 0
444 60413
445 0
446 0
447 41819
448 0
449 0
450 9752
451 0
452 0
453 33511
454 0
455 0
456 48522
457 0
458 0
459 18515
460 0
461 0
462 51162
463 0
464 0
465 2257
466 0
467 0
468 4195
469 0
470 0
471 14973
472 0
473 0
474 13299
475 0
476 0
477 16965
478 0
479 0
480 51872
481 0
482 0
483 13086
484 0
485 0
486 31693
487 0
488 0
489 7816
490 0
491 0
492 25653
493 0
494 0
495 23257
496 0
497 0
498 43475
499 0
500 0
501 55290
502 0
503 0
504 64950
505 0
506 0
507 24392
508 0
509 0
510 28548
511 0
512 0
513 17551
514 0
515 0
516 49408
517 0
518 0
519 49413
520 0
521 0
522 41989
523 0
524 0
525 49966
526 0
527 0
528 36779
529 0
530 0
531 47311
532 0
533 0
534 64274
535 0
536 0
537 32674
538 0
539 0
540 30421
541 0
542 0
543 53337
544 0
545 0
546 47580
547 0
548 0
549 39337
550 0
551 0
552 13696
553 0
554 0
555 41972
556 0
557 0
558 30445
559 0
560 0
561 13056
562 0
563 0
564 2272
565 0
566 0
567 755
568 0
569 0
570 18107
571 0
572 0
573 60144
574 0
575 0
576 52927
577 0
578 0
579 31559
580 0
581 0
582 25820
583 0
584 0
585 5219
586 0
587 0
588 54877
589 0
590 0
591 51759
592 0
593 0
594 46567
595 0
596 0
597 41833
598 0
599 0
600 17987
601 0
602 0
603 32427
604 0
605 0
606 56835
607 0
608 0
609 3786
610 0
611 0
612 10242
613 0
614 0
615 43274
616 0
617 0
618 53455
619 0
620 0
621 64523
622 0
623 0
624 39078
625 0
626 0
627 61653
628 0
629 0
630 23282
631 0
632 0
633 59363
634 0
635 0
636 27102
637 0
638 0
639 51539
640 0
641 0
642 1278
643 0
644 0
645 1458
646 0
647 0
648 11981
649 0
650 0
651 26221
652 0
653 0
654 25067
655 0
656 0
657 60120
658 0
659 0
660 61294
661 0
662 0
663 36281
664 0
665 0
666 17701
667 0
668 0
669 29743
670 0
671 0
672 34927
673 0
674 0
675 25869
676 0
677 0
678 25667
679 0
680 0
681 43946
682 0
683 0
684 6273
685 0
686 0
687 32185
688 0
689 0
690 60373
691 0
692 0
693 57592
694 0
695 0
696 63743
697 0
698 0
699 6976
700 0
701 0
702 50989
703 0
704 0
705 20187
706 0
707 0
708 53297
709 0
710 0
711 46246
712 0
713 0
714 38211
715 0
716 0
717 35419
718 0
719 0
720 26420
721 0
722 0
723 54445
724 0
725 0
726 34112
727 0
728 0
729 48499
730 0
731 0
732 10498
733 0
734 0
735 9783
736 0
737 0
738 3251
739 0
740 0
741 8530
742 0
743 0
744 30727
745 0
746 0
747 56558
748 0
749 0
750 61258
751 0
752 0
753 60648
754 0
755 0
756 25608
757 0
758 0
759 2748
760 0
761 0
762 10309
763 0
764 0
765 52770
766 0
767 0
768 10471
769 0
770 0
771 8476
772 0
773 0
774 64029
775 0
776 0
777 34342
778 0
779 0
780 21925
781 0
782 0
783 11366
784 0
785 0
786 36557
787 0
788 0
789 48315
790 0
791 0
792 4727
793 0
794 0
795 13616
796 0
797 0
798 6841
799 0
800 0
801 7488
802 0
803 0
804 14471
805 0
806 0
807 50443
808 0
809 0
810 20052
811 0
812 0
813 49616
814 0
815 0
816 58605
817 0
818 0
819 2931
820 0
821 0
822 17786
823 0
824 0
825 40633
826 0
827 0
828 49101
829 0
830 0
831 34248
832 0
833 0
834 50518
835 0
836 0
837 22895
838 0
839 0
840 17280
841 0
842 0
843 60399
844 0
845 0
846 29706
847 0
848 0
849 16939
850 0
851 0
852 50165
853 0
854 0
855 39112
856 0
857 0
858 54715
859 0
860 0
861 44911
862 0
863 0
864 23435
865 0
866 0
867 3300
868 0
869 0
870 1577
871 0
872 0
873 17943
874 0
875 0
876 8972
877 0
878 0
879 38636
880 0
881 0
882 44362
883 0
884 0
885 50322
886 0
887 0
888 44996
889 0
890 0
891 14688
892 0
893 0
894 51120
895 0
896 0
897 40239
898 0
899 0
900 4240
901 0
902 0
903 21064
904 0
905 0
906 57753
907 0
908 0
909 58869
910 0
911 0
912 61898
913 0
914 0
915 33076
916 0
917 0
918 56656
919 0
920 0
921 40276
922 0
923 0
924 33391
925 0
926 0
927 21885
928 0
929 0
930 25781
931 0
932 0
933 41028
934 0
935 0
936 30053
937 0
938 0
939 16542
940 0
941 0
942 47417
943 0
944 0
945 55853
946 0
947 0
948 54619
949 0
950 0
951 56314
952 0
953 0
954 29214
955 0
956 0
957 62647
958 0
959 0
960 14008
961 0
962 0
963 18905
964 0
965 0
966 36922
967 0
968 0
969 36863
970 0
971 0
972 22533
973 0
974 0
975 31046
976 0
977 0
978 54659
979 0
980 0
981 25998
982 0
983 0
984 60003
985 0
986 0
987 28152
988 0
989 0
990 8409
991 0
992 0
993 46942
994 0
995 0
996 54489
997 0
998 0
999 43282
1000 0
1001 0
1002 4707
1003 0
1004 0
1005 12216
1006 0
1007 0
1008 41223
1009 0
1010 0
1011 51403
1012 0
1013 0
1014 40957
1015 0
1016 0
1017 30563
1018 0
1019 0
1020 45925
1021 0
1022 0
1023 38755
1024 0
1025 0
1026 7003
1027 0
1028 0
1029 51493
1030 0
1031 0
1032 34395
1033 0
1034 0
1035 44714
1036 0
1037 0
1038 27475
1039 0
1040 0
1041 10353
1042 0
1043 0
1044 54347
1045 0
1046 0
1047 65402
1048 0
1049 0
1050 21428
1051 0
1052 0
1053 16692
1054 0
1055 0
1056 45434
1057 0
1058 0
1059 33472
1060 0
1061 0
1062 65228
1063 0
1064 0
1065 39218
1066 0
1067 0
1068 21373
1069 0
1070 0
1071 51857
1072 0
1073 0
1074 11540
1075 0
1076 0
1077 3982
1078 0
1079 0
1080 62360
1081 0
1082 0
1083 65052
1084 0
1085 0
1086 34736
1087 0
1088 0
1089 1342
1090 0
1091 0
1092 3332
1093 0
1094 0
1095 32314
1096 0
1097 0
1098 36386
1099 0
1100 0
1101 10370
1102 0
1103 0
1104 51188
1105 0
1106 0
1107 59189
1108 0
1109 0
1110 14630
1111 0
1112 0
1113 50701
1114 0
1115 0
1116 58248
1117 0
1118 0
1119 9627
1120 0
1121 0
1122 2498
1123 0
1124 0
1125 3149
1126 0
1127 0
1128 37586
1129 0
1130 0
1131 9913
1132 0
1133 0
1134 51895
1135 0
1136 0
1137 49476
1138 0
1139 0
1140 8611
1141 0
1142 0
1143 46415
1144 0
1145 0
1146 59486
1147 0
1148 0
1149 6649
1150 0
1151 0
1152 61469
1153 0
1154 0
1155 18138
1156 0
1157 0
1158 29015
1159 0
1160 0
1161 6774
1162 0
1163 0
1164 40781
1165 0
1166 0
1167 47579
1168 0
1169 0
1170 33442
1171 0
1172 0
1173 44831
1174 0
1175 0
1176 35899
1177 0
1178 0
1179 31839
1180 0
1181 0
1182 58006
1183 0
1184 0
1185 50020
1186 0
1187 0
1188 59637
1189 0
1190 0
1191 4398
1192 0
1193 0
1194 36929
