0 1
1 0
2 0
3 1
4 0
5 0
6 6
7 0
8 0
9 81
10 0
11 0
12 1990
13 0
14 0
15 46543
16 0
17 0
18 21920
19 0
20 0
21 36939
22 0
23 0
24 49862
25 0
26 0
27 51244
28 0
29 0
30 60063
31 0
32 0
33 5981
34 0
35 0
36 13426
37 0
38 0
39 49470
40 0
41 0
42 43995
43 0
44 0
45 10500
46 0
47 0
48 41353
49 0
50 0
51 46932
52 0
53 0
54 18784
55 0
56 0
57 18673
58 0
59 0
60 54510
61 0
62 0
63 35597
64 0
65 0
66 49574
67 0
68 0
69 24796
70 0
71 0
72 18334
73 0
74 0
75 20755
76 0
77 0
78 1788
79 0
80 0
81 21615
82 0
83 0
84 39406
85 0
86 0
87 44847
88 0
89 0
90 33971
91 0
92 0
93 14052
94 0
95 0
96 818
97 0
98 0
99 39366
100 0
101 0
102 13897
103 0
104 0
105 6678
106 0
107 0
108 48536
109 0
110 0
111 31169
112 0
113 0
114 39785
115 0
116 0
117 9482
118 0
119 0
120 64051
121 0
122 0
123 11675
124 0
125 0
126 21351
127 0
128 0
129 57118
130 0
131 0
132 41938
133 0
134 0
135 35716
136 0
137 0
138 62701
139 0
140 0
141 59384
142 0
143 0
144 31706
145 0
146 0
147 3836
148 0
149 0
150 32292
151 0
152 0
153 2308
154 0
155 0
156 41015
157 0
158 0
159 52924
160 0
161 0
162 11725
163 0
164 0
165 62377
166 0
167 0
168 62485
169 0
170 0
171 35592
172 0
173 0
174 51092
175 0
176 0
177 46914
178 0
179 0
180 15066
181 0
182 0
183 63627
184 0
185 0
186 8948
187 0
188 0
189 13549
190 0
191 0
192 21795
193 0
194 0
195 64906
196 0
197 0
198 38268
199 0
200 0
201 5715
202 0
203 0
204 47660
205 0
206 0
207 49156
208 0
209 0
210 57511
211 0
212 0
213 30875
214 0
215 0
216 44800
217 0
218 0
219 27693
220 0
221 0
222 22952
223 0
224 0
225 7438
226 0
227 0
228 41313
229 0
230 0
231 15711
232 0
233 0
234 46508
235 0
236 0
237 28986
238 0
239 0
240 42237
241 0
242 0
243 5875
244 0
245 0
246 6063
247 0
248 0
249 57441
250 0
251 0
252 35220
253 0
254 0
255 31095
256 0
257 0
258 60676
259 0
260 0
261 4663
262 0
263 0
264 27821
265 0
266 0
267 38534
268 0
269 0
270 59713
271 0
272 0
273 15740
274 0
275 0
276 6986
277 0
278 0
279 61451
280 0
281 0
282 10388
283 0
284 0
285 38684
286 0
287 0
288 25588
289 0
290 0
291 47707
292 0
293 0
294 45713
295 0
296 0
297 47691
298 0
299 0
300 35389
301 0
302 0
303 28105
304 0
305 0
306 54968
307 0
308 0
309 58325
310 0
311 0
312 58658
313 0
314 0
315 65089
316 0
317 0
318 19906
319 0
320 0
321 7931
322 0
323 0
324 35021
325 0
326 0
327 19210
328 0
329 0
330 58360
331 0
332 0
333 25790
334 0
335 0
336 30910
337 0
338 0
339 55788
340 0
341 0
342 35830
343 0
344 0
345 18416
346 0
347 0
348 9656
349 0
350 0
351 56766
352 0
353 0
354 10331
355 0
356 0
357 52020
358 0
359 0
360 2633
361 0
362 0
363 55963
364 0
365 0
366 38894
367 0
368 0
369 35541
370 0
371 0
372 10093
373 0
374 0
375 33865
376 0
377 0
378 18526
379 0
380 0
381 23360
382 0
383 0
384 64041
385 0
386 0
387 27704
388 0
389 0
390 38074
391 0
392 0
393 21205
394 0
395 0
396 62572
397 0
398 0
399 28703
400 0
401 0
402 10641
403 0
404 0
405 49036
406 0
407 0
408 62698
409 0
410 0
411 53416
412 0
413 0
414 60359
415 0
416 0
417 43127
418 0
419 0
420 19556
421 0
422 0
423 60359
424 0
425 0
426 59622
427 0
428 0
429 22440
430 0
431 0
432 58345
433 0
434 0
435 54277
436 0
437 0
438 22013
439 0
440 0
441 4942
442 0
443 0
444 36720
445 0
446 0
447 60020
448 0
449 0
450 38154
451 0
452 0
453 13512
454 0
455 0
456 38293
457 0
458 0
459 60593
460 0
461 0
462 55647
463 0
464 0
465 4408
466 0
467 0
468 49646
469 0
470 0
471 27057
472 0
473 0
474 36693
475 0
476 0
477 54035
478 0
479 0
480 12327
481 0
482 0
483 54949
484 0
485 0
486 51266
487 0
488 0
489 49032
490 0
491 0
492 37073
493 0
494 0
495 25685
496 0
497 0
498 64228
499 0
500 0
501 4438
502 0
503 0
504 60964
505 0
506 0
507 45645
508 0
509 0
510 29189
511 0
512 0
513 50683
514 0
515 0
516 30474
517 0
518 0
519 26273
520 0
521 0
522 63498
523 0
524 0
525 8151
526 0
527 0
528 45072
529 0
530 0
531 60481
532 0
533 0
534 26926
535 0
536 0
537 6624
538 0
539 0
540 38197
541 0
542 0
543 51870
544 0
545 0
546 46214
547 0
548 0
549 3421
550 0
551 0
552 12691
553 0
554 0
555 55928
556 0
557 0
558 23656
559 0
560 0
561 49631
562 0
563 0
564 9466
565 0
566 0
567 55801
568 0
569 0
570 25199
571 0
572 0
573 14670
574 0
575 0
576 63529
577 0
578 0
579 35987
580 0
581 0
582 14819
583 0
584 0
585 34273
586 0
587 0
588 28914
589 0
590 0
591 8966
592 0
593 0
594 32741
595 0
596 0
597 9140
598 0
599 0
600 33350
601 0
602 0
603 61532
604 0
605 0
606 57013
607 0
608 0
609 29936
610 0
611 0
612 21398
613 0
614 0
615 24492
616 0
617 0
618 57348
619 0
620 0
621 40117
622 0
623 0
624 39964
625 0
626 0
627 35832
628 0
629 0
630 33806
631 0
632 0
633 10639
634 0
635 0
636 35703
637 0
638 0
639 6546
640 0
641 0
642 11825
643 0
644 0
645 64257
646 0
647 0
648 41948
649 0
650 0
651 55409
652 0
653 0
654 55759
655 0
656 0
657 6638
658 0
659 0
660 59569
661 0
662 0
663 53024
664 0
665 0
666 62132
667 0
668 0
669 29205
670 0
671 0
672 48495
673 0
674 0
675 46341
676 0
677 0
678 15554
679 0
680 0
681 23075
682 0
683 0
684 2851
685 0
686 0
687 14473
688 0
689 0
690 42304
691 0
692 0
693 24048
694 0
695 0
696 29797
697 0
698 0
699 60894
700 0
701 0
702 24258
703 0
704 0
705 54138
706 0
707 0
708 1195
709 0
710 0
711 31643
712 0
713 0
714 4173
715 0
716 0
717 24414
718 0
719 0
720 15338
721 0
722 0
723 1529
724 0
725 0
726 27245
727 0
728 0
729 59644
730 0
731 0
732 25190
733 0
734 0
735 7736
736 0
737 0
738 35262
739 0
740 0
741 64934
742 0
743 0
744 19330
745 0
746 0
747 58442
748 0
749 0
750 31660
751 0
752 0
753 56426
754 0
755 0
756 47710
757 0
758 0
759 13951
760 0
761 0
762 45934
763 0
764 0
765 7183
766 0
767 0
768 23938
769 0
770 0
771 27588
772 0
773 0
774 37141
775 0
776 0
777 7149
778 0
779 0
780 4713
781 0
782 0
783 34092
784 0
785 0
786 12499
787 0
788 0
789 20401
790 0
791 0
792 16045
793 0
794 0
795 2431
796 0
797 0
798 23828
799 0
800 0
801 64200
802 0
803 0
804 15494
805 0
806 0
807 34619
808 0
809 0
810 7679
811 0
812 0
813 29610
814 0
815 0
816 51374
817 0
818 0
819 63855
820 0
821 0
822 40046
823 0
824 0
825 55419
826 0
827 0
828 54248
829 0
830 0
831 24883
832 0
833 0
834 31423
835 0
836 0
837 34559
838 0
839 0
840 46922
841 0
842 0
843 65328
844 0
845 0
846 6084
847 0
848 0
849 54013
850 0
851 0
852 28179
853 0
854 0
855 47325
856 0
857 0
858 5884
859 0
860 0
861 57337
862 0
863 0
864 31545
865 0
866 0
867 9525
868 0
869 0
870 62551
871 0
872 0
873 21937
874 0
875 0
876 65439
877 0
878 0
879 15861
880 0
881 0
882 27541
883 0
884 0
885 60142
886 0
887 0
888 56450
889 0
890 0
891 10951
892 0
893 0
894 60933
895 0
896 0
897 13781
898 0
899 0
900 32578
901 0
902 0
903 55894
904 0
905 0
906 16162
907 0
908 0
909 56137
910 0
911 0
912 33110
913 0
914 0
915 29135
916 0
917 0
918 46801
919 0
920 0
921 28804
922 0
923 0
924 19423
925 0
926 0
927 34882
928 0
929 0
930 44993
931 0
932 0
933 23556
934 0
935 0
936 27502
937 0
938 0
939 33947
940 0
941 0
942 25564
943 0
944 0
945 43212
946 0
947 0
948 58283
949 0
950 0
951 44632
952 0
953 0
954 42022
955 0
956 0
957 13720
958 0
959 0
960 39939
961 0
962 0
963 33591
964 0
965 0
966 36380
967 0
968 0
969 1584
970 0
971 0
972 55611
973 0
974 0
975 51949
976 0
977 0
978 19851
979 0
980 0
981 23591
982 0
983 0
984 22373
985 0
986 0
987 25038
988 0
989 0
990 13835
991 0
992 0
993 64831
994 0
995 0
996 58918
997 0
998 0
999 28822
1000 0
1001 0
1002 42504
1003 0
1004 0
1005 7631
1006 0
1007 0
1008 13089
1009 0
1010 0
1011 25632
1012 0
1013 0
1014 56887
1015 0
1016 0
1017 39941
1018 0
1019 0
1020 59079
1021 0
1022 0
1023 33077
1024 0
1025 0
1026 6156
1027 0
1028 0
1029 37722
1030 0
1031 0
1032 26499
1033 0
1034 0
1035 35349
1036 0
1037 0
1038 39140
1039 0
1040 0
1041 325
1042 0
1043 0
1044 50035
1045 0
1046 0
1047 52989
1048 0
1049 0
1050 27536
1051 0
1052 0
1053 17958
1054 0
1055 0
1056 4505
1057 0
1058 0
1059 27583
1060 0
1061 0
1062 40546
1063 0
1064 0
1065 38636
1066 0
1067 0
1068 36477
1069 0
1070 0
1071 9394
1072 0
1073 0
1074 31788
1075 0
1076 0
1077 114
1078 0
1079 0
1080 58573
1081 0
1082 0
1083 5260
1084 0
1085 0
1086 3470
1087 0
1088 0
1089 48035
1090 0
1091 0
1092 17888
1093 0
1094 0
1095 37076
1096 0
1097 0
1098 21754
1099 0
1100 0
1101 16128
1102 0
1103 0
1104 19224
1105 0
1106 0
1107 61102
1108 0
1109 0
1110 43937
1111 0
1112 0
1113 52534
1114 0
1115 0
1116 15777
1117 0
1118 0
1119 30402
1120 0
1121 0
1122 28679
1123 0
1124 0
1125 34997
1126 0
1127 0
1128 51235
1129 0
1130 0
1131 30231
1132 0
1133 0
1134 24542
1135 0
1136 0
1137 36867
1138 0
1139 0
1140 16366
1141 0
1142 0
1143 56580
1144 0
1145 0
1146 60261
1147 0
1148 0
1149 22804
1150 0
1151 0
1152 19325
1153 0
1154 0
1155 40239
1156 0
1157 0
1158 56249
1159 0
1160 0
1161 31592
1162 0
1163 0
1164 39949
1165 0
1166 0
1167 52111
1168 0
1169 0
1170 26152
1171 0
1172 0
1173 24442
1174 0
1175 0
1176 44168
1177 0
1178 0
1179 1625
1180 0
1181 0
1182 23035
1183 0
1184 0
1185 44792
1186 0
1187 0
1188 55092
1189 0
1190 0
1191 38656
1192 0
1193 0
1194 47045
