0 1
1 0
2 0
3 1
4 0
5 0
6 6
7 0
8 0
9 81
10 0
11 0
12 1990
13 0
14 0
15 46543
16 0
17 0
18 24416
19 0
20 0
21 10012
22 0
23 0
24 3406
25 0
26 0
27 56696
28 0
29 0
30 32860
31 0
32 0
33 19500
34 0
35 0
36 6793
37 0
38 0
39 32286
40 0
41 0
42 50804
43 0
44 0
45 16909
46 0
47 0
48 21654
49 0
50 0
51 34084
52 0
53 0
54 19710
55 0
56 0
57 64084
58 0
59 0
60 52974
61 0
62 0
63 27871
64 0
65 0
66 18838
67 0
68 0
69 49156
70 0
71 0
72 4142
73 0
74 0
75 53986
76 0
77 0
78 29022
79 0
80 0
81 19271
82 0
83 0
84 25339
85 0
86 0
87 17361
88 0
89 0
90 46523
91 0
92 0
93 19662
94 0
95 0
96 38076
97 0
98 0
99 47135
100 0
101 0
102 33267
103 0
104 0
105 41025
106 0
107 0
108 5181
109 0
110 0
111 37554
112 0
113 0
114 40509
115 0
116 0
117 52703
118 0
119 0
120 2024
121 0
122 0
123 3250
124 0
125 0
126 47424
127 0
128 0
129 30944
130 0
131 0
132 24198
133 0
134 0
135 46889
136 0
137 0
138 59473
139 0
140 0
141 60163
142 0
143 0
144 38900
145 0
146 0
147 43059
148 0
149 0
150 34697
151 0
152 0
153 31061
154 0
155 0
156 9591
157 0
158 0
159 47553
160 0
161 0
162 40529
163 0
164 0
165 60103
166 0
167 0
168 6345
169 0
170 0
171 54304
172 0
173 0
174 15294
175 0
176 0
177 24459
178 0
179 0
180 58502
181 0
182 0
183 42257
184 0
185 0
186 19498
187 0
188 0
189 18584
190 0
191 0
192 29543
193 0
194 0
195 16692
196 0
197 0
198 61401
199 0
200 0
201 56488
202 0
203 0
204 35110
205 0
206 0
207 22286
208 0
209 0
210 20207
211 0
212 0
213 10300
214 0
215 0
216 45194
217 0
218 0
219 51427
220 0
221 0
222 48414
223 0
224 0
225 9517
226 0
227 0
228 3934
229 0
230 0
231 47590
232 0
233 0
234 18592
235 0
236 0
237 9501
238 0
239 0
240 3779
241 0
242 0
243 43557
244 0
245 0
246 5510
247 0
248 0
249 57604
250 0
251 0
252 16839
253 0
254 0
255 46469
256 0
257 0
258 14490
259 0
260 0
261 59801
262 0
263 0
264 52306
265 0
266 0
267 5104
268 0
269 0
270 61458
271 0
272 0
273 22863
274 0
275 0
276 12097
277 0
278 0
279 56359
280 0
281 0
282 15804
283 0
284 0
285 10549
286 0
287 0
288 4239
289 0
290 0
291 54918
292 0
293 0
294 17627
295 0
296 0
297 44685
298 0
299 0
300 49313
301 0
302 0
303 44444
304 0
305 0
306 55911
307 0
308 0
309 6441
310 0
311 0
312 50207
313 0
314 0
315 3048
316 0
317 0
318 22637
319 0
320 0
321 33885
322 0
323 0
324 35695
325 0
326 0
327 12948
328 0
329 0
330 51938
331 0
332 0
333 2211
334 0
335 0
336 51937
337 0
338 0
339 39480
340 0
341 0
342 52341
343 0
344 0
345 54688
346 0
347 0
348 5425
349 0
350 0
351 29912
352 0
353 0
354 2168
355 0
356 0
357 60436
358 0
359 0
360 21443
361 0
362 0
363 63833
364 0
365 0
366 53308
367 0
368 0
369 28625
370 0
371 0
372 63092
373 0
374 0
375 10986
376 0
377 0
378 37733
379 0
380 0
381 54819
382 0
383 0
384 42532
385 0
386 0
387 35898
388 0
389 0
390 46556
391 0
392 0
393 16144
394 0
395 0
396 36911
397 0
398 0
399 55348
400 0
401 0
402 3102
403 0
404 0
405 33190
406 0
407 0
408 48654
409 0
410 0
411 25148
412 0
413 0
414 42490
415 0
416 0
417 35071
418 0
419 0
420 30423
421 0
422 0
423 3611
424 0
425 0
426 8129
427 0
428 0
429 25304
430 0
431 0
432 54581
433 0
434 0
435 42581
436 0
437 0
438 17927
439 0
440 0
441 62618
442 0
443 0
444 45937
445 0
446 0
447 54246
448 0
449 0
450 33036
451 0
452 0
453 48058
454 0
455 0
456 33992
457 0
458 0
459 52020
460 0
461 0
462 26870
463 0
464 0
465 1494
466 0
467 0
468 24774
469 0
470 0
471 32186
472 0
473 0
474 44032
475 0
476 0
477 63593
478 0
479 0
480 49883
481 0
482 0
483 28943
484 0
485 0
486 58365
487 0
488 0
489 43501
490 0
491 0
492 20013
493 0
494 0
495 63263
496 0
497 0
498 49007
499 0
500 0
501 44795
502 0
503 0
504 23168
505 0
506 0
507 52658
508 0
509 0
510 1619
511 0
512 0
513 50818
514 0
515 0
516 11366
517 0
518 0
519 18240
520 0
521 0
522 10110
523 0
524 0
525 20793
526 0
527 0
528 34453
529 0
530 0
531 47717
532 0
533 0
534 15286
535 0
536 0
537 64672
538 0
539 0
540 445
541 0
542 0
543 62545
544 0
545 0
546 48072
547 0
548 0
549 45041
550 0
551 0
552 7211
553 0
554 0
555 43546
556 0
557 0
558 62963
559 0
560 0
561 40657
562 0
563 0
564 26331
565 0
566 0
567 29509
568 0
569 0
570 11079
571 0
572 0
573 17847
574 0
575 0
576 9597
577 0
578 0
579 28215
580 0
581 0
582 37640
583 0
584 0
585 53808
586 0
587 0
588 35694
589 0
590 0
591 64273
592 0
593 0
594 16678
595 0
596 0
597 26899
598 0
599 0
600 373
601 0
602 0
603 11443
604 0
605 0
606 30233
607 0
608 0
609 8176
610 0
611 0
612 62293
613 0
614 0
615 17240
616 0
617 0
618 24257
619 0
620 0
621 61386
622 0
623 0
624 41684
625 0
626 0
627 15832
628 0
629 0
630 35305
631 0
632 0
633 22410
634 0
635 0
636 52997
637 0
638 0
639 28481
640 0
641 0
642 10230
643 0
644 0
645 6002
646 0
647 0
648 12144
649 0
650 0
651 49303
652 0
653 0
654 22310
655 0
656 0
657 60533
658 0
659 0
660 19037
661 0
662 0
663 7128
664 0
665 0
666 37977
667 0
668 0
669 52403
670 0
671 0
672 53563
673 0
674 0
675 16870
676 0
677 0
678 39763
679 0
680 0
681 57635
682 0
683 0
684 24503
685 0
686 0
687 24202
688 0
689 0
690 36865
691 0
692 0
693 14311
694 0
695 0
696 10909
697 0
698 0
699 60925
700 0
701 0
702 31616
703 0
704 0
705 41671
706 0
707 0
708 24855
709 0
710 0
711 25586
712 0
713 0
714 27270
715 0
716 0
717 16707
718 0
719 0
720 17516
721 0
722 0
723 56368
724 0
725 0
726 16640
727 0
728 0
729 16458
730 0
731 0
732 17829
733 0
734 0
735 43883
736 0
737 0
738 15043
739 0
740 0
741 11366
742 0
743 0
744 14907
745 0
746 0
747 6020
748 0
749 0
750 55768
751 0
752 0
753 3840
754 0
755 0
756 29039
757 0
758 0
759 43973
760 0
761 0
762 1452
763 0
764 0
765 12451
766 0
767 0
768 15347
769 0
770 0
771 36339
772 0
773 0
774 1571
775 0
776 0
777 26832
778 0
779 0
780 27440
781 0
782 0
783 20620
784 0
785 0
786 61287
787 0
788 0
789 32062
790 0
791 0
792 51269
793 0
794 0
795 54335
796 0
797 0
798 24394
799 0
800 0
801 44871
802 0
803 0
804 13179
805 0
806 0
807 35547
808 0
809 0
810 27052
811 0
812 0
813 45979
814 0
815 0
816 30135
817 0
818 0
819 41841
820 0
821 0
822 471
823 0
824 0
825 29958
826 0
827 0
828 27359
829 0
830 0
831 27339
832 0
833 0
834 38180
835 0
836 0
837 43763
838 0
839 0
840 2227
841 0
842 0
843 37885
844 0
845 0
846 33390
847 0
848 0
849 60740
850 0
851 0
852 32494
853 0
854 0
855 50649
856 0
857 0
858 20135
859 0
860 0
861 36999
862 0
863 0
864 49567
865 0
866 0
867 11068
868 0
869 0
870 27157
871 0
872 0
873 34571
874 0
875 0
876 58030
877 0
878 0
879 17920
880 0
881 0
882 61856
883 0
884 0
885 24345
886 0
887 0
888 28639
889 0
890 0
891 65105
892 0
893 0
894 42108
895 0
896 0
897 42340
898 0
899 0
900 18282
901 0
902 0
903 32279
904 0
905 0
906 64329
907 0
908 0
909 45320
910 0
911 0
912 47729
913 0
914 0
915 37462
916 0
917 0
918 42488
919 0
920 0
921 60959
922 0
923 0
924 44458
925 0
926 0
927 7875
928 0
929 0
930 23703
931 0
932 0
933 31232
934 0
935 0
936 11844
937 0
938 0
939 61020
940 0
941 0
942 45643
943 0
944 0
945 38668
946 0
947 0
948 48725
949 0
950 0
951 16612
952 0
953 0
954 47960
955 0
956 0
957 49854
958 0
959 0
960 36155
961 0
962 0
963 14335
964 0
965 0
966 52769
967 0
968 0
969 42792
970 0
971 0
972 13774
973 0
974 0
975 2816
976 0
977 0
978 33966
979 0
980 0
981 8398
982 0
983 0
984 48138
985 0
986 0
987 6603
988 0
989 0
990 34388
991 0
992 0
993 47035
994 0
995 0
996 13391
997 0
998 0
999 56409
1000 0
1001 0
1002 971
1003 0
1004 0
1005 19346
1006 0
1007 0
1008 9984
1009 0
1010 0
1011 51640
1012 0
1013 0
1014 52518
1015 0
1016 0
1017 38133
1018 0
1019 0
1020 4279
1021 0
1022 0
1023 23177
1024 0
1025 0
1026 39725
1027 0
1028 0
1029 14743
1030 0
1031 0
1032 24789
1033 0
1034 0
1035 2505
1036 0
1037 0
1038 346
1039 0
1040 0
1041 18867
1042 0
1043 0
1044 18354
1045 0
1046 0
1047 24821
1048 0
1049 0
1050 60781
1051 0
1052 0
1053 28849
1054 0
1055 0
1056 1674
1057 0
1058 0
1059 59106
1060 0
1061 0
1062 25749
1063 0
1064 0
1065 56
1066 0
1067 0
1068 36786
1069 0
1070 0
1071 53008
1072 0
1073 0
1074 7355
1075 0
1076 0
1077 19136
1078 0
1079 0
1080 27282
1081 0
1082 0
1083 34747
1084 0
1085 0
1086 46115
1087 0
1088 0
1089 14476
1090 0
1091 0
1092 53884
1093 0
1094 0
1095 62084
1096 0
1097 0
1098 13785
1099 0
1100 0
1101 51248
1102 0
1103 0
1104 8149
1105 0
1106 0
1107 17914
1108 0
1109 0
1110 43852
1111 0
1112 0
1113 31760
1114 0
1115 0
1116 47548
1117 0
1118 0
1119 16009
1120 0
1121 0
1122 45920
1123 0
1124 0
1125 39304
1126 0
1127 0
1128 57455
1129 0
1130 0
1131 16411
1132 0
1133 0
1134 20018
1135 0
1136 0
1137 54464
1138 0
1139 0
1140 45842
1141 0
1142 0
1143 23882
1144 0
1145 0
1146 37352
1147 0
1148 0
1149 5198
1150 0
1151 0
1152 12330
1153 0
1154 0
1155 26280
1156 0
1157 0
1158 5775
1159 0
1160 0
1161 43384
1162 0
1163 0
1164 62975
1165 0
1166 0
1167 29476
1168 0
1169 0
1170 30734
1171 0
1172 0
1173 62592
1174 0
1175 0
1176 52061
1177 0
1178 0
1179 37913
1180 0
1181 0
1182 21308
1183 0
1184 0
1185 15506
1186 0
1187 0
1188 50035
1189 0
1190 0
1191 60647
1192 0
1193 0
1194 9847
