0 1
1 0
2 0
3 1
4 0
5 0
6 6
7 0
8 0
9 81
10 0
11 0
12 1990
13 0
14 0
15 46543
16 0
17 0
18 24078
19 0
20 0
21 4786
22 0
23 0
24 4071
25 0
26 0
27 35188
28 0
29 0
30 36803
31 0
32 0
33 13896
34 0
35 0
36 48808
37 0
38 0
39 27226
40 0
41 0
42 3455
43 0
44 0
45 18440
46 0
47 0
48 52610
49 0
50 0
51 41392
52 0
53 0
54 18924
55 0
56 0
57 27630
58 0
59 0
60 24803
61 0
62 0
63 20485
64 0
65 0
66 21877
67 0
68 0
69 22098
70 0
71 0
72 54439
73 0
74 0
75 56573
76 0
77 0
78 54119
79 0
80 0
81 33757
82 0
83 0
84 2807
85 0
86 0
87 14503
88 0
89 0
90 33620
91 0
92 0
93 52479
94 0
95 0
96 42533
97 0
98 0
99 38465
100 0
101 0
102 61939
103 0
104 0
105 41949
106 0
107 0
108 27109
109 0
110 0
111 56425
112 0
113 0
114 53287
115 0
116 0
117 17391
118 0
119 0
120 1805
121 0
122 0
123 1939
124 0
125 0
126 60840
127 0
128 0
129 8337
130 0
131 0
132 26440
133 0
134 0
135 15692
136 0
137 0
138 2130
139 0
140 0
141 64193
142 0
143 0
144 10931
145 0
146 0
147 35843
148 0
149 0
150 62324
151 0
152 0
153 21152
154 0
155 0
156 64402
157 0
158 0
159 45950
160 0
161 0
162 56190
163 0
164 0
165 27980
166 0
167 0
168 11807
169 0
170 0
171 64758
172 0
173 0
174 1751
175 0
176 0
177 14708
178 0
179 0
180 2974
181 0
182 0
183 58482
184 0
185 0
186 19445
187 0
188 0
189 43077
190 0
191 0
192 29663
193 0
194 0
195 32577
196 0
197 0
198 59501
199 0
200 0
201 1911
202 0
203 0
204 37422
205 0
206 0
207 59866
208 0
209 0
210 36002
211 0
212 0
213 14116
214 0
215 0
216 57130
217 0
218 0
219 16145
220 0
221 0
222 59441
223 0
224 0
225 44351
226 0
227 0
228 22936
229 0
230 0
231 13701
232 0
233 0
234 45567
235 0
236 0
237 47418
238 0
239 0
240 2933
241 0
242 0
243 1941
244 0
245 0
246 44731
247 0
248 0
249 58623
250 0
251 0
252 17022
253 0
254 0
255 1146
256 0
257 0
258 62414
259 0
260 0
261 51941
262 0
263 0
264 18262
265 0
266 0
267 52129
268 0
269 0
270 42665
271 0
272 0
273 522
274 0
275 0
276 23735
277 0
278 0
279 8670
280 0
281 0
282 34449
283 0
284 0
285 6485
286 0
287 0
288 64385
289 0
290 0
291 39795
292 0
293 0
294 5350
295 0
296 0
297 52474
298 0
299 0
300 31125
301 0
302 0
303 49161
304 0
305 0
306 1094
307 0
308 0
309 53140
310 0
311 0
312 46084
313 0
314 0
315 56466
316 0
317 0
318 60007
319 0
320 0
321 29595
322 0
323 0
324 46020
325 0
326 0
327 43484
328 0
329 0
330 5556
331 0
332 0
333 9758
334 0
335 0
336 39802
337 0
338 0
339 23472
340 0
341 0
342 54376
343 0
344 0
345 17113
346 0
347 0
348 28639
349 0
350 0
351 43017
352 0
353 0
354 64395
355 0
356 0
357 31594
358 0
359 0
360 25562
361 0
362 0
363 46969
364 0
365 0
366 32131
367 0
368 0
369 52657
370 0
371 0
372 59876
373 0
374 0
375 47847
376 0
377 0
378 3608
379 0
380 0
381 21499
382 0
383 0
384 61242
385 0
386 0
387 54838
388 0
389 0
390 32018
391 0
392 0
393 33240
394 0
395 0
396 23544
397 0
398 0
399 31501
400 0
401 0
402 17570
403 0
404 0
405 58276
406 0
407 0
408 39899
409 0
410 0
411 11082
412 0
413 0
414 50793
415 0
416 0
417 62029
418 0
419 0
420 35021
421 0
422 0
423 2029
424 0
425 0
426 10488
427 0
428 0
429 39395
430 0
431 0
432 64732
433 0
434 0
435 51362
436 0
437 0
438 61935
439 0
440 0
441 20997
442 0
443 0
444 2597
445 0
446 0
447 23520
448 0
449 0
450 62569
451 0
452 0
453 47444
454 0
455 0
456 53039
457 0
458 0
459 30878
460 0
461 0
462 62482
463 0
464 0
465 15146
466 0
467 0
468 53280
469 0
470 0
471 3460
472 0
473 0
474 42515
475 0
476 0
477 30709
478 0
479 0
480 34647
481 0
482 0
483 44354
484 0
485 0
486 63810
487 0
488 0
489 48958
490 0
491 0
492 137
493 0
494 0
495 48771
496 0
497 0
498 33635
499 0
500 0
501 262
502 0
503 0
504 43532
505 0
506 0
507 31478
508 0
509 0
510 7552
511 0
512 0
513 8514
514 0
515 0
516 27970
517 0
518 0
519 24180
520 0
521 0
522 19306
523 0
524 0
525 22739
526 0
527 0
528 27216
529 0
530 0
531 15137
532 0
533 0
534 15787
535 0
536 0
537 31587
538 0
539 0
540 12040
541 0
542 0
543 39869
544 0
545 0
546 15974
547 0
548 0
549 5783
550 0
551 0
552 20319
553 0
554 0
555 5517
556 0
557 0
558 58547
559 0
560 0
561 56132
562 0
563 0
564 17730
565 0
566 0
567 34340
568 0
569 0
570 35689
571 0
572 0
573 17869
574 0
575 0
576 31075
577 0
578 0
579 29540
580 0
581 0
582 47527
583 0
584 0
585 17254
586 0
587 0
588 21947
589 0
590 0
591 37608
592 0
593 0
594 48934
595 0
596 0
597 6334
598 0
599 0
600 33108
601 0
602 0
603 49202
604 0
605 0
606 6772
607 0
608 0
609 8126
610 0
611 0
612 59328
613 0
614 0
615 49217
616 0
617 0
618 28086
619 0
620 0
621 42155
622 0
623 0
624 43766
625 0
626 0
627 45243
628 0
629 0
630 10183
631 0
632 0
633 513
634 0
635 0
636 2302
637 0
638 0
639 32844
640 0
641 0
642 19207
643 0
644 0
645 31431
646 0
647 0
648 32938
649 0
650 0
651 42995
652 0
653 0
654 45671
655 0
656 0
657 20100
658 0
659 0
660 65173
661 0
662 0
663 15531
664 0
665 0
666 21608
667 0
668 0
669 23525
670 0
671 0
672 34833
673 0
674 0
675 52314
676 0
677 0
678 45530
679 0
680 0
681 46657
682 0
683 0
684 10108
685 0
686 0
687 29096
688 0
689 0
690 59784
691 0
692 0
693 14174
694 0
695 0
696 24939
697 0
698 0
699 36285
700 0
701 0
702 49645
703 0
704 0
705 18360
706 0
707 0
708 34570
709 0
710 0
711 32179
712 0
713 0
714 39052
715 0
716 0
717 62450
718 0
719 0
720 33122
721 0
722 0
723 38368
724 0
725 0
726 19783
727 0
728 0
729 64681
730 0
731 0
732 35416
733 0
734 0
735 64928
736 0
737 0
738 60830
739 0
740 0
741 45553
742 0
743 0
744 32466
745 0
746 0
747 29202
748 0
749 0
750 32315
751 0
752 0
753 25158
754 0
755 0
756 1049
757 0
758 0
759 14405
760 0
761 0
762 1038
763 0
764 0
765 36561
766 0
767 0
768 12620
769 0
770 0
771 37312
772 0
773 0
774 27227
775 0
776 0
777 10775
778 0
779 0
780 45412
781 0
782 0
783 36600
784 0
785 0
786 56648
787 0
788 0
789 63698
790 0
791 0
792 56458
793 0
794 0
795 53567
796 0
797 0
798 42561
799 0
800 0
801 46224
802 0
803 0
804 11579
805 0
806 0
807 44415
808 0
809 0
810 39365
811 0
812 0
813 31715
814 0
815 0
816 16708
817 0
818 0
819 14978
820 0
821 0
822 1784
823 0
824 0
825 26870
826 0
827 0
828 55798
829 0
830 0
831 17254
832 0
833 0
834 22496
835 0
836 0
837 34746
838 0
839 0
840 13558
841 0
842 0
843 53812
844 0
845 0
846 14441
847 0
848 0
849 40867
850 0
851 0
852 38883
853 0
854 0
855 48786
856 0
857 0
858 64899
859 0
860 0
861 47958
862 0
863 0
864 61528
865 0
866 0
867 63212
868 0
869 0
870 54341
871 0
872 0
873 49517
874 0
875 0
876 15145
877 0
878 0
879 60213
880 0
881 0
882 31766
883 0
884 0
885 53896
886 0
887 0
888 21739
889 0
890 0
891 56426
892 0
893 0
894 26151
895 0
896 0
897 26322
898 0
899 0
900 61093
901 0
902 0
903 54031
904 0
905 0
906 30913
907 0
908 0
909 35222
910 0
911 0
912 59884
913 0
914 0
915 31359
916 0
917 0
918 60513
919 0
920 0
921 64153
922 0
923 0
924 60447
925 0
926 0
927 29443
928 0
929 0
930 34467
931 0
932 0
933 8390
934 0
935 0
936 5698
937 0
938 0
939 15322
940 0
941 0
942 25868
943 0
944 0
945 49407
946 0
947 0
948 20223
949 0
950 0
951 36532
952 0
953 0
954 13191
955 0
956 0
957 24848
958 0
959 0
960 25918
961 0
962 0
963 10120
964 0
965 0
966 42078
967 0
968 0
969 43624
970 0
971 0
972 53661
973 0
974 0
975 50780
976 0
977 0
978 1598
979 0
980 0
981 25818
982 0
983 0
984 56646
985 0
986 0
987 30774
988 0
989 0
990 64044
991 0
992 0
993 25988
994 0
995 0
996 19765
997 0
998 0
999 28092
1000 0
1001 0
1002 56708
1003 0
1004 0
1005 50672
1006 0
1007 0
1008 22442
1009 0
1010 0
1011 23239
1012 0
1013 0
1014 33847
1015 0
1016 0
1017 60922
1018 0
1019 0
1020 3718
1021 0
1022 0
1023 17691
1024 0
1025 0
1026 21861
1027 0
1028 0
1029 43243
1030 0
1031 0
1032 16002
1033 0
1034 0
1035 22718
1036 0
1037 0
1038 42842
1039 0
1040 0
1041 4809
1042 0
1043 0
1044 28685
1045 0
1046 0
1047 20426
1048 0
1049 0
1050 23570
1051 0
1052 0
1053 55665
1054 0
1055 0
1056 4255
1057 0
1058 0
1059 6031
1060 0
1061 0
1062 53404
1063 0
1064 0
1065 18743
1066 0
1067 0
1068 43103
1069 0
1070 0
1071 56947
1072 0
1073 0
1074 27439
1075 0
1076 0
1077 57748
1078 0
1079 0
1080 23577
1081 0
1082 0
1083 27611
1084 0
1085 0
1086 48706
1087 0
1088 0
1089 41368
1090 0
1091 0
1092 41421
1093 0
1094 0
1095 55012
1096 0
1097 0
1098 42501
1099 0
1100 0
1101 14529
1102 0
1103 0
1104 29718
1105 0
1106 0
1107 60825
1108 0
1109 0
1110 7547
1111 0
1112 0
1113 26284
1114 0
1115 0
1116 26835
1117 0
1118 0
1119 61537
1120 0
1121 0
1122 64480
1123 0
1124 0
1125 20499
1126 0
1127 0
1128 41424
1129 0
1130 0
1131 19733
1132 0
1133 0
1134 60857
1135 0
1136 0
1137 22215
1138 0
1139 0
1140 735
1141 0
1142 0
1143 48122
1144 0
1145 0
1146 56397
1147 0
1148 0
1149 42147
1150 0
1151 0
1152 3326
1153 0
1154 0
1155 22694
1156 0
1157 0
1158 2540
1159 0
1160 0
1161 16404
1162 0
1163 0
1164 47556
1165 0
1166 0
1167 60386
1168 0
1169 0
1170 44977
1171 0
1172 0
1173 7868
1174 0
1175 0
1176 10872
1177 0
1178 0
1179 26537
1180 0
1181 0
1182 43461
1183 0
1184 0
1185 49393
1186 0
1187 0
1188 35409
1189 0
1190 0
1191 52707
1192 0
1193 0
1194 61952
