0 1
1 0
2 0
3 1
4 0
5 0
6 6
7 0
8 0
9 81
10 0
11 0
12 1990
13 0
14 0
15 46543
16 0
17 0
18 21894
19 0
20 0
21 36539
22 0
23 0
24 44902
25 0
26 0
27 64991
28 0
29 0
30 52858
31 0
32 0
33 61130
34 0
35 0
36 63780
37 0
38 0
39 13779
40 0
41 0
42 25395
43 0
44 0
45 44482
46 0
47 0
48 56572
49 0
50 0
51 33146
52 0
53 0
54 61683
55 0
56 0
57 20235
58 0
59 0
60 18061
61 0
62 0
63 27589
64 0
65 0
66 1904
67 0
68 0
69 9321
70 0
71 0
72 47877
73 0
74 0
75 15859
76 0
77 0
78 16559
79 0
80 0
81 1820
82 0
83 0
84 31853
85 0
86 0
87 24006
88 0
89 0
90 34770
91 0
92 0
93 43097
94 0
95 0
96 63478
97 0
98 0
99 54294
100 0
101 0
102 52843
103 0
104 0
105 33609
106 0
107 0
108 29504
109 0
110 0
111 43720
112 0
113 0
114 22411
115 0
116 0
117 53410
118 0
119 0
120 46926
121 0
122 0
123 17337
124 0
125 0
126 63506
127 0
128 0
129 47098
130 0
131 0
132 51337
133 0
134 0
135 11804
136 0
137 0
138 60386
139 0
140 0
141 27908
142 0
143 0
144 23788
145 0
146 0
147 11277
148 0
149 0
150 22219
151 0
152 0
153 31659
154 0
155 0
156 57005
157 0
158 0
159 666
160 0
161 0
162 53267
163 0
164 0
165 65394
166 0
167 0
168 53271
169 0
170 0
171 1343
172 0
173 0
174 40458
175 0
176 0
177 45933
178 0
179 0
180 20187
181 0
182 0
183 235
184 0
185 0
186 1363
187 0
188 0
189 17946
190 0
191 0
192 28504
193 0
194 0
195 42112
196 0
197 0
198 30370
199 0
200 0
201 40201
202 0
203 0
204 29622
205 0
206 0
207 8817
208 0
209 0
210 12225
211 0
212 0
213 24749
214 0
215 0
216 27148
217 0
218 0
219 24307
220 0
221 0
222 35975
223 0
224 0
225 53070
226 0
227 0
228 39128
229 0
230 0
231 54038
232 0
233 0
234 2487
235 0
236 0
237 11855
238 0
239 0
240 34880
241 0
242 0
243 13353
244 0
245 0
246 55533
247 0
248 0
249 39597
250 0
251 0
252 64454
253 0
254 0
255 57040
256 0
257 0
258 17639
259 0
260 0
261 62614
262 0
263 0
264 25692
265 0
266 0
267 24638
268 0
269 0
270 15782
271 0
272 0
273 1225
274 0
275 0
276 17448
277 0
278 0
279 20311
280 0
281 0
282 9401
283 0
284 0
285 34633
286 0
287 0
288 25046
289 0
290 0
291 19554
292 0
293 0
294 3861
295 0
296 0
297 18139
298 0
299 0
300 29915
301 0
302 0
303 61889
304 0
305 0
306 52468
307 0
308 0
309 33268
310 0
311 0
312 48758
313 0
314 0
315 54048
316 0
317 0
318 27569
319 0
320 0
321 52332
322 0
323 0
324 40211
325 0
326 0
327 841
328 0
329 0
330 14508
331 0
332 0
333 11896
334 0
335 0
336 57806
337 0
338 0
339 45146
340 0
341 0
342 48690
343 0
344 0
345 1102
346 0
347 0
348 55621
349 0
350 0
351 40057
352 0
353 0
354 64609
355 0
356 0
357 19966
358 0
359 0
360 18263
361 0
362 0
363 56585
364 0
365 0
366 26177
367 0
368 0
369 54146
370 0
371 0
372 7354
373 0
374 0
375 13250
376 0
377 0
378 11127
379 0
380 0
381 62172
382 0
383 0
384 19507
385 0
386 0
387 62656
388 0
389 0
390 10314
391 0
392 0
393 54798
394 0
395 0
396 25977
397 0
398 0
399 2911
400 0
401 0
402 20629
403 0
404 0
405 15391
406 0
407 0
408 40147
409 0
410 0
411 62091
412 0
413 0
414 63540
415 0
416 0
417 59259
418 0
419 0
420 4291
421 0
422 0
423 35282
424 0
425 0
426 16566
427 0
428 0
429 39586
430 0
431 0
432 22883
433 0
434 0
435 50632
436 0
437 0
438 8490
439 0
440 0
441 41476
442 0
443 0
444 1352
445 0
446 0
447 57885
448 0
449 0
450 12606
451 0
452 0
453 6675
454 0
455 0
456 7714
457 0
458 0
459 22115
460 0
461 0
462 21724
463 0
464 0
465 53454
466 0
467 0
468 32091
469 0
470 0
471 42570
472 0
473 0
474 7176
475 0
476 0
477 29855
478 0
479 0
480 20441
481 0
482 0
483 38281
484 0
485 0
486 31671
487 0
488 0
489 57523
490 0
491 0
492 43912
493 0
494 0
495 51549
496 0
497 0
498 54191
499 0
500 0
501 51485
502 0
503 0
504 10497
505 0
506 0
507 39681
508 0
509 0
510 5940
511 0
512 0
513 19049
514 0
515 0
516 14187
517 0
518 0
519 37851
520 0
521 0
522 33062
523 0
524 0
525 59452
526 0
527 0
528 19653
529 0
530 0
531 14540
532 0
533 0
534 11846
535 0
536 0
537 35137
538 0
539 0
540 28880
541 0
542 0
543 374
544 0
545 0
546 32103
547 0
548 0
549 21031
550 0
551 0
552 32527
553 0
554 0
555 4222
556 0
557 0
558 62118
559 0
560 0
561 6378
562 0
563 0
564 29061
565 0
566 0
567 57268
568 0
569 0
570 16053
571 0
572 0
573 44407
574 0
575 0
576 37523
577 0
578 0
579 210
580 0
581 0
582 45530
583 0
584 0
585 22599
586 0
587 0
588 45515
589 0
590 0
591 49116
592 0
593 0
594 64649
595 0
596 0
597 25314
598 0
599 0
600 56613
601 0
602 0
603 49435
604 0
605 0
606 65461
607 0
608 0
609 57750
610 0
611 0
612 5885
613 0
614 0
615 21302
616 0
617 0
618 2663
619 0
620 0
621 23915
622 0
623 0
624 63120
625 0
626 0
627 4725
628 0
629 0
630 42496
631 0
632 0
633 24586
634 0
635 0
636 23603
637 0
638 0
639 2293
640 0
641 0
642 52134
643 0
644 0
645 40336
646 0
647 0
648 26219
649 0
650 0
651 32944
652 0
653 0
654 22776
655 0
656 0
657 5725
658 0
659 0
660 5093
661 0
662 0
663 43860
664 0
665 0
666 50742
667 0
668 0
669 35926
670 0
671 0
672 56154
673 0
674 0
675 59100
676 0
677 0
678 45980
679 0
680 0
681 49493
682 0
683 0
684 8792
685 0
686 0
687 56453
688 0
689 0
690 56617
691 0
692 0
693 27750
694 0
695 0
696 59280
697 0
698 0
699 42694
700 0
701 0
702 49494
703 0
704 0
705 51349
706 0
707 0
708 54638
709 0
710 0
711 61211
712 0
713 0
714 1364
715 0
716 0
717 27159
718 0
719 0
720 49333
721 0
722 0
723 14726
724 0
725 0
726 61203
727 0
728 0
729 52373
730 0
731 0
732 48875
733 0
734 0
735 49788
736 0
737 0
738 37521
739 0
740 0
741 54896
742 0
743 0
744 53145
745 0
746 0
747 16402
748 0
749 0
750 23255
751 0
752 0
753 50221
754 0
755 0
756 6108
757 0
758 0
759 34757
760 0
761 0
762 48123
763 0
764 0
765 3864
766 0
767 0
768 27946
769 0
770 0
771 63986
772 0
773 0
774 495
775 0
776 0
777 59231
778 0
779 0
780 29204
781 0
782 0
783 57470
784 0
785 0
786 53869
787 0
788 0
789 25896
790 0
791 0
792 46181
793 0
794 0
795 54387
796 0
797 0
798 8443
799 0
800 0
801 39240
802 0
803 0
804 8959
805 0
806 0
807 49957
808 0
809 0
810 57175
811 0
812 0
813 50874
814 0
815 0
816 45631
817 0
818 0
819 45400
820 0
821 0
822 34193
823 0
824 0
825 31950
826 0
827 0
828 5311
829 0
830 0
831 393
832 0
833 0
834 39161
835 0
836 0
837 4665
838 0
839 0
840 18996
841 0
842 0
843 57223
844 0
845 0
846 61118
847 0
848 0
849 3985
850 0
851 0
852 8435
853 0
854 0
855 13914
856 0
857 0
858 8387
859 0
860 0
861 32522
862 0
863 0
864 26767
865 0
866 0
867 55333
868 0
869 0
870 41052
871 0
872 0
873 40196
874 0
875 0
876 9431
877 0
878 0
879 18507
880 0
881 0
882 25951
883 0
884 0
885 28487
886 0
887 0
888 14121
889 0
890 0
891 21361
892 0
893 0
894 3681
895 0
896 0
897 7936
898 0
899 0
900 43265
901 0
902 0
903 17723
904 0
905 0
906 22817
907 0
908 0
909 35581
910 0
911 0
912 17012
913 0
914 0
915 52049
916 0
917 0
918 12178
919 0
920 0
921 36061
922 0
923 0
924 33999
925 0
926 0
927 14542
928 0
929 0
930 32336
931 0
932 0
933 47216
934 0
935 0
936 37719
937 0
938 0
939 15106
940 0
941 0
942 378
943 0
944 0
945 27596
946 0
947 0
948 45866
949 0
950 0
951 61102
952 0
953 0
954 62980
955 0
956 0
957 41310
958 0
959 0
960 42150
961 0
962 0
963 37039
964 0
965 0
966 20407
967 0
968 0
969 56873
970 0
971 0
972 37772
973 0
974 0
975 61842
976 0
977 0
978 4069
979 0
980 0
981 38778
982 0
983 0
984 40035
985 0
986 0
987 34669
988 0
989 0
990 3270
991 0
992 0
993 50086
994 0
995 0
996 8365
997 0
998 0
999 51318
1000 0
1001 0
1002 13313
1003 0
1004 0
1005 62865
1006 0
1007 0
1008 14174
1009 0
1010 0
1011 26573
1012 0
1013 0
1014 8362
1015 0
1016 0
1017 50839
1018 0
1019 0
1020 16221
1021 0
1022 0
1023 31422
1024 0
1025 0
1026 31188
1027 0
1028 0
1029 3775
1030 0
1031 0
1032 19019
1033 0
1034 0
1035 46179
1036 0
1037 0
1038 29406
1039 0
1040 0
1041 19118
1042 0
1043 0
1044 3232
1045 0
1046 0
1047 64021
1048 0
1049 0
1050 52782
1051 0
1052 0
1053 36755
1054 0
1055 0
1056 3163
1057 0
1058 0
1059 12629
1060 0
1061 0
1062 38884
1063 0
1064 0
1065 8589
1066 0
1067 0
1068 37368
1069 0
1070 0
1071 12881
1072 0
1073 0
1074 2028
1075 0
1076 0
1077 30383
1078 0
1079 0
1080 21826
1081 0
1082 0
1083 32529
1084 0
1085 0
1086 64040
1087 0
1088 0
1089 49464
1090 0
1091 0
1092 37524
1093 0
1094 0
1095 4382
1096 0
1097 0
1098 54033
1099 0
1100 0
1101 48486
1102 0
1103 0
1104 8206
1105 0
1106 0
1107 5181
1108 0
1109 0
1110 18631
1111 0
1112 0
1113 990
1114 0
1115 0
1116 11492
1117 0
1118 0
1119 19809
1120 0
1121 0
1122 21173
1123 0
1124 0
1125 61676
1126 0
1127 0
1128 26332
1129 0
1130 0
1131 39778
1132 0
1133 0
1134 35944
1135 0
1136 0
1137 32675
1138 0
1139 0
1140 21243
1141 0
1142 0
1143 54560
1144 0
1145 0
1146 48673
1147 0
1148 0
1149 36890
1150 0
1151 0
1152 2231
1153 0
1154 0
1155 47963
1156 0
1157 0
1158 14452
1159 0
1160 0
1161 16500
1162 0
1163 0
1164 49073
1165 0
1166 0
1167 22893
1168 0
1169 0
1170 56479
1171 0
1172 0
1173 52292
1174 0
1175 0
1176 47998
1177 0
1178 0
1179 24244
1180 0
1181 0
1182 30214
1183 0
1184 0
1185 40600
1186 0
1187 0
1188 65169
1189 0
1190 0
1191 54719
1192 0
1193 0
1194 49463
