0 1
1 0
2 0
3 1
4 0
5 0
6 6
7 0
8 0
9 81
10 0
11 0
12 1990
13 0
14 0
15 46543
16 0
17 0
18 23220
19 0
20 0
21 56939
22 0
23 0
24 36186
25 0
26 0
27 23184
28 0
29 0
30 63499
31 0
32 0
33 25153
34 0
35 0
36 38678
37 0
38 0
39 41483
40 0
41 0
42 31202
43 0
44 0
45 22486
46 0
47 0
48 24835
49 0
50 0
51 56825
52 0
53 0
54 9945
55 0
56 0
57 51932
58 0
59 0
60 32118
61 0
62 0
63 24359
64 0
65 0
66 26764
67 0
68 0
69 17497
70 0
71 0
72 25822
73 0
74 0
75 62535
76 0
77 0
78 25611
79 0
80 0
81 29857
82 0
83 0
84 29663
85 0
86 0
87 8186
88 0
89 0
90 4867
91 0
92 0
93 41691
94 0
95 0
96 9298
97 0
98 0
99 46752
100 0
101 0
102 39241
103 0
104 0
105 5537
106 0
107 0
108 27503
109 0
110 0
111 1404
112 0
113 0
114 53238
115 0
116 0
117 27652
118 0
119 0
120 25739
121 0
122 0
123 41133
124 0
125 0
126 64957
127 0
128 0
129 10651
130 0
131 0
132 21537
133 0
134 0
135 17734
136 0
137 0
138 46836
139 0
140 0
141 38802
142 0
143 0
144 5675
145 0
146 0
147 51596
148 0
149 0
150 38197
151 0
152 0
153 35454
154 0
155 0
156 50536
157 0
158 0
159 37166
160 0
161 0
162 20054
163 0
164 0
165 16943
166 0
167 0
168 63441
169 0
170 0
171 18545
172 0
173 0
174 18425
175 0
176 0
177 53241
178 0
179 0
180 57589
181 0
182 0
183 57529
184 0
185 0
186 44298
187 0
188 0
189 31103
190 0
191 0
192 29771
193 0
194 0
195 28717
196 0
197 0
198 12455
199 0
200 0
201 15846
202 0
203 0
204 14623
205 0
206 0
207 39286
208 0
209 0
210 3004
211 0
212 0
213 41353
214 0
215 0
216 799
217 0
218 0
219 43608
220 0
221 0
222 12572
223 0
224 0
225 35952
226 0
227 0
228 1804
229 0
230 0
231 59116
232 0
233 0
234 7520
235 0
236 0
237 34052
238 0
239 0
240 65232
241 0
242 0
243 20620
244 0
245 0
246 32484
247 0
248 0
249 50759
250 0
251 0
252 46980
253 0
254 0
255 28128
256 0
257 0
258 34275
259 0
260 0
261 56089
262 0
263 0
264 4878
265 0
266 0
267 17969
268 0
269 0
270 11543
271 0
272 0
273 14998
274 0
275 0
276 3192
277 0
278 0
279 54872
280 0
281 0
282 48485
283 0
284 0
285 29858
286 0
287 0
288 8995
289 0
290 0
291 55843
292 0
293 0
294 2857
295 0
296 0
297 30492
298 0
299 0
300 21735
301 0
302 0
303 50474
304 0
305 0
306 52389
307 0
308 0
309 38669
310 0
311 0
312 20744
313 0
314 0
315 55677
316 0
317 0
318 27894
319 0
320 0
321 65354
322 0
323 0
324 21333
325 0
326 0
327 23239
328 0
329 0
330 44923
331 0
332 0
333 26688
334 0
335 0
336 38688
337 0
338 0
339 52577
340 0
341 0
342 61961
343 0
344 0
345 1333
346 0
347 0
348 48063
349 0
350 0
351 49113
352 0
353 0
354 42159
355 0
356 0
357 12954
358 0
359 0
360 28496
361 0
362 0
363 5110
364 0
365 0
366 17614
367 0
368 0
369 11152
370 0
371 0
372 45121
373 0
374 0
375 52531
376 0
377 0
378 29825
379 0
380 0
381 20999
382 0
383 0
384 6701
385 0
386 0
387 61248
388 0
389 0
390 35625
391 0
392 0
393 1322
394 0
395 0
396 43304
397 0
398 0
399 8781
400 0
401 0
402 11454
403 0
404 0
405 60177
406 0
407 0
408 6407
409 0
410 0
411 32313
412 0
413 0
414 59398
415 0
416 0
417 23367
418 0
419 0
420 49154
421 0
422 0
423 19398
424 0
425 0
426 10064
427 0
428 0
429 38161
430 0
431 0
432 11028
433 0
434 0
435 29360
436 0
437 0
438 56249
439 0
440 0
441 3374
442 0
443 0
444 20556
445 0
446 0
447 4938
448 0
449 0
450 29925
451 0
452 0
453 31829
454 0
455 0
456 10418
457 0
458 0
459 50165
460 0
461 0
462 46140
463 0
464 0
465 59345
466 0
467 0
468 64913
469 0
470 0
471 64116
472 0
473 0
474 23244
475 0
476 0
477 31753
478 0
479 0
480 7248
481 0
482 0
483 49607
484 0
485 0
486 53710
487 0
488 0
489 41196
490 0
491 0
492 39509
493 0
494 0
495 446
496 0
497 0
498 54928
499 0
500 0
501 30772
502 0
503 0
504 8271
505 0
506 0
507 60282
508 0
509 0
510 35367
511 0
512 0
513 6996
514 0
515 0
516 41113
517 0
518 0
519 9128
520 0
521 0
522 44644
523 0
524 0
525 11419
526 0
527 0
528 9837
529 0
530 0
531 33499
532 0
533 0
534 39849
535 0
536 0
537 61308
538 0
539 0
540 51071
541 0
542 0
543 20974
544 0
545 0
546 56773
547 0
548 0
549 49297
550 0
551 0
552 42194
553 0
554 0
555 41959
556 0
557 0
558 22553
559 0
560 0
561 13885
562 0
563 0
564 60907
565 0
566 0
567 38182
568 0
569 0
570 24935
571 0
572 0
573 64321
574 0
575 0
576 21004
577 0
578 0
579 7017
580 0
581 0
582 6454
583 0
584 0
585 30836
586 0
587 0
588 5283
589 0
590 0
591 39136
592 0
593 0
594 11027
595 0
596 0
597 9199
598 0
599 0
600 45764
601 0
602 0
603 54352
604 0
605 0
606 7172
607 0
608 0
609 23937
610 0
611 0
612 11165
613 0
614 0
615 52837
616 0
617 0
618 58072
619 0
620 0
621 40700
622 0
623 0
624 22988
625 0
626 0
627 31160
628 0
629 0
630 38639
631 0
632 0
633 10293
634 0
635 0
636 51891
637 0
638 0
639 6764
640 0
641 0
642 13604
643 0
644 0
645 9471
646 0
647 0
648 59480
649 0
650 0
651 56773
652 0
653 0
654 37206
655 0
656 0
657 58832
658 0
659 0
660 25515
661 0
662 0
663 51954
664 0
665 0
666 43549
667 0
668 0
669 49479
670 0
671 0
672 3388
673 0
674 0
675 36312
676 0
677 0
678 38191
679 0
680 0
681 1661
682 0
683 0
684 10521
685 0
686 0
687 31263
688 0
689 0
690 33097
691 0
692 0
693 43636
694 0
695 0
696 58715
697 0
698 0
699 45795
700 0
701 0
702 49151
703 0
704 0
705 23646
706 0
707 0
708 8402
709 0
710 0
711 28511
712 0
713 0
714 20738
715 0
716 0
717 42326
718 0
719 0
720 37755
721 0
722 0
723 33896
724 0
725 0
726 31956
727 0
728 0
729 55610
730 0
731 0
732 48652
733 0
734 0
735 49178
736 0
737 0
738 5288
739 0
740 0
741 62713
742 0
743 0
744 18646
745 0
746 0
747 44787
748 0
749 0
750 53002
751 0
752 0
753 13268
754 0
755 0
756 17355
757 0
758 0
759 32639
760 0
761 0
762 19650
763 0
764 0
765 59633
766 0
767 0
768 661
769 0
770 0
771 54416
772 0
773 0
774 28252
775 0
776 0
777 21398
778 0
779 0
780 11798
781 0
782 0
783 52357
784 0
785 0
786 48459
787 0
788 0
789 17017
790 0
791 0
792 5375
793 0
794 0
795 57538
796 0
797 0
798 14290
799 0
800 0
801 1943
802 0
803 0
804 44373
805 0
806 0
807 44790
808 0
809 0
810 53516
811 0
812 0
813 23494
814 0
815 0
816 629
817 0
818 0
819 61628
820 0
821 0
822 4239
823 0
824 0
825 43604
826 0
827 0
828 29680
829 0
830 0
831 48299
832 0
833 0
834 49852
835 0
836 0
837 5703
838 0
839 0
840 53577
841 0
842 0
843 41640
844 0
845 0
846 65206
847 0
848 0
849 38210
850 0
851 0
852 33688
853 0
854 0
855 6237
856 0
857 0
858 15094
859 0
860 0
861 14981
862 0
863 0
864 42124
865 0
866 0
867 8908
868 0
869 0
870 31714
871 0
872 0
873 26587
874 0
875 0
876 33222
877 0
878 0
879 47170
880 0
881 0
882 64702
883 0
884 0
885 13894
886 0
887 0
888 45552
889 0
890 0
891 10854
892 0
893 0
894 26559
895 0
896 0
897 61905
898 0
899 0
900 12969
901 0
902 0
903 32079
904 0
905 0
906 51353
907 0
908 0
909 28757
910 0
911 0
912 44296
913 0
914 0
915 28965
916 0
917 0
918 30455
919 0
920 0
921 48255
922 0
923 0
924 35779
925 0
926 0
927 59191
928 0
929 0
930 64468
931 0
932 0
933 6357
934 0
935 0
936 48511
937 0
938 0
939 6949
940 0
941 0
942 3230
943 0
944 0
945 23970
946 0
947 0
948 2563
949 0
950 0
951 3366
952 0
953 0
954 15503
955 0
956 0
957 57629
958 0
959 0
960 22156
961 0
962 0
963 29272
964 0
965 0
966 3345
967 0
968 0
969 39698
970 0
971 0
972 45413
973 0
974 0
975 11968
976 0
977 0
978 50374
979 0
980 0
981 12839
982 0
983 0
984 33813
985 0
986 0
987 57751
988 0
989 0
990 14009
991 0
992 0
993 47324
994 0
995 0
996 29469
997 0
998 0
999 46982
1000 0
1001 0
1002 61762
1003 0
1004 0
1005 50728
1006 0
1007 0
1008 7103
1009 0
1010 0
1011 35857
1012 0
1013 0
1014 43457
1015 0
1016 0
1017 1071
1018 0
1019 0
1020 39736
1021 0
1022 0
1023 56024
1024 0
1025 0
1026 43639
1027 0
1028 0
1029 40507
1030 0
1031 0
1032 1446
1033 0
1034 0
1035 3538
1036 0
1037 0
1038 28262
1039 0
1040 0
1041 44279
1042 0
1043 0
1044 30231
1045 0
1046 0
1047 56316
1048 0
1049 0
1050 24489
1051 0
1052 0
1053 46571
1054 0
1055 0
1056 64627
1057 0
1058 0
1059 39935
1060 0
1061 0
1062 9620
1063 0
1064 0
1065 60882
1066 0
1067 0
1068 64329
1069 0
1070 0
1071 50065
1072 0
1073 0
1074 39326
1075 0
1076 0
1077 48701
1078 0
1079 0
1080 35337
1081 0
1082 0
1083 7558
1084 0
1085 0
1086 40734
1087 0
1088 0
1089 44705
1090 0
1091 0
1092 23377
1093 0
1094 0
1095 58706
1096 0
1097 0
1098 53809
1099 0
1100 0
1101 21963
1102 0
1103 0
1104 33467
1105 0
1106 0
1107 12008
1108 0
1109 0
1110 3005
1111 0
1112 0
1113 5486
1114 0
1115 0
1116 20161
1117 0
1118 0
1119 43837
1120 0
1121 0
1122 44928
1123 0
1124 0
1125 56723
1126 0
1127 0
1128 12186
1129 0
1130 0
1131 48871
1132 0
1133 0
1134 27865
1135 0
1136 0
1137 36383
1138 0
1139 0
1140 34719
1141 0
1142 0
1143 16192
1144 0
1145 0
1146 35058
1147 0
1148 0
1149 22726
1150 0
1151 0
1152 32263
1153 0
1154 0
1155 15850
1156 0
1157 0
1158 19807
1159 0
1160 0
1161 49266
1162 0
1163 0
1164 56267
1165 0
1166 0
1167 10379
1168 0
1169 0
1170 28484
1171 0
1172 0
1173 46041
1174 0
1175 0
1176 64700
1177 0
1178 0
1179 35329
1180 0
1181 0
1182 44047
1183 0
1184 0
1185 3581
1186 0
1187 0
1188 12257
1189 0
1190 0
1191 34247
1192 0
1193 0
1194 22986
