0 1
1 0
2 0
3 1
4 0
5 0
6 6
7 0
8 0
9 81
10 0
11 0
12 1990
13 0
14 0
15 46543
16 0
17 0
18 22830
19 0
20 0
21 50939
22 0
23 0
24 27115
25 0
26 0
27 30762
28 0
29 0
30 2633
31 0
32 0
33 51978
34 0
35 0
36 34344
37 0
38 0
39 29251
40 0
41 0
42 65074
43 0
44 0
45 14161
46 0
47 0
48 15770
49 0
50 0
51 203
52 0
53 0
54 37601
55 0
56 0
57 28631
58 0
59 0
60 50345
61 0
62 0
63 41135
64 0
65 0
66 54044
67 0
68 0
69 6370
70 0
71 0
72 30066
73 0
74 0
75 25089
76 0
77 0
78 26333
79 0
80 0
81 40412
82 0
83 0
84 17222
85 0
86 0
87 3386
88 0
89 0
90 29174
91 0
92 0
93 51463
94 0
95 0
96 8372
97 0
98 0
99 31938
100 0
101 0
102 18481
103 0
104 0
105 4552
106 0
107 0
108 48417
109 0
110 0
111 12694
112 0
113 0
114 17768
115 0
116 0
117 28706
118 0
119 0
120 29488
121 0
122 0
123 15052
124 0
125 0
126 55466
127 0
128 0
129 52552
130 0
131 0
132 31474
133 0
134 0
135 1615
136 0
137 0
138 15708
139 0
140 0
141 46800
142 0
143 0
144 41424
145 0
146 0
147 6306
148 0
149 0
150 52108
151 0
152 0
153 33741
154 0
155 0
156 33683
157 0
158 0
159 33773
160 0
161 0
162 32537
163 0
164 0
165 31510
166 0
167 0
168 53699
169 0
170 0
171 14124
172 0
173 0
174 47236
175 0
176 0
177 44921
178 0
179 0
180 28599
181 0
182 0
183 44791
184 0
185 0
186 50643
187 0
188 0
189 62166
190 0
191 0
192 28806
193 0
194 0
195 37863
196 0
197 0
198 62900
199 0
200 0
201 1705
202 0
203 0
204 38048
205 0
206 0
207 37956
208 0
209 0
210 850
211 0
212 0
213 8452
214 0
215 0
216 48446
217 0
218 0
219 26160
220 0
221 0
222 33337
223 0
224 0
225 3609
226 0
227 0
228 54402
229 0
230 0
231 61220
232 0
233 0
234 23242
235 0
236 0
237 51480
238 0
239 0
240 64062
241 0
242 0
243 18783
244 0
245 0
246 33345
247 0
248 0
249 42530
250 0
251 0
252 33415
253 0
254 0
255 21544
256 0
257 0
258 16250
259 0
260 0
261 7027
262 0
263 0
264 8323
265 0
266 0
267 56080
268 0
269 0
270 60728
271 0
272 0
273 21999
274 0
275 0
276 49815
277 0
278 0
279 27074
280 0
281 0
282 15070
283 0
284 0
285 34200
286 0
287 0
288 38898
289 0
290 0
291 38075
292 0
293 0
294 43129
295 0
296 0
297 49840
298 0
299 0
300 24228
301 0
302 0
303 27927
304 0
305 0
306 2302
307 0
308 0
309 61953
310 0
311 0
312 46040
313 0
314 0
315 27974
316 0
317 0
318 28769
319 0
320 0
321 31833
322 0
323 0
324 56587
325 0
326 0
327 33555
328 0
329 0
330 39992
331 0
332 0
333 26791
334 0
335 0
336 3390
337 0
338 0
339 25320
340 0
341 0
342 44527
343 0
344 0
345 18450
346 0
347 0
348 13962
349 0
350 0
351 52114
352 0
353 0
354 18493
355 0
356 0
357 42966
358 0
359 0
360 23433
361 0
362 0
363 43287
364 0
365 0
366 47948
367 0
368 0
369 46486
370 0
371 0
372 993
373 0
374 0
375 62915
376 0
377 0
378 38833
379 0
380 0
381 35419
382 0
383 0
384 43973
385 0
386 0
387 32329
388 0
389 0
390 33051
391 0
392 0
393 30457
394 0
395 0
396 16638
397 0
398 0
399 26842
400 0
401 0
402 29946
403 0
404 0
405 36499
406 0
407 0
408 51487
409 0
410 0
411 8940
412 0
413 0
414 4666
415 0
416 0
417 22321
418 0
419 0
420 14353
421 0
422 0
423 33285
424 0
425 0
426 47753
427 0
428 0
429 18665
430 0
431 0
432 44570
433 0
434 0
435 21468
436 0
437 0
438 30067
439 0
440 0
441 55447
442 0
443 0
444 63879
445 0
446 0
447 7180
448 0
449 0
450 59974
451 0
452 0
453 2494
454 0
455 0
456 63625
457 0
458 0
459 46234
460 0
461 0
462 8973
463 0
464 0
465 7148
466 0
467 0
468 1348
469 0
470 0
471 56063
472 0
473 0
474 58669
475 0
476 0
477 59473
478 0
479 0
480 44015
481 0
482 0
483 17025
484 0
485 0
486 30065
487 0
488 0
489 23274
490 0
491 0
492 21227
493 0
494 0
495 15719
496 0
497 0
498 20291
499 0
500 0
501 60755
502 0
503 0
504 41990
505 0
506 0
507 55514
508 0
509 0
510 713
511 0
512 0
513 61209
514 0
515 0
516 41963
517 0
518 0
519 25038
520 0
521 0
522 17496
523 0
524 0
525 4998
526 0
527 0
528 25833
529 0
530 0
531 40143
532 0
533 0
534 29393
535 0
536 0
537 7047
538 0
539 0
540 34661
541 0
542 0
543 27339
544 0
545 0
546 8561
547 0
548 0
549 14163
550 0
551 0
552 49902
553 0
554 0
555 51172
556 0
557 0
558 49233
559 0
560 0
561 45513
562 0
563 0
564 59896
565 0
566 0
567 1480
568 0
569 0
570 64636
571 0
572 0
573 57165
574 0
575 0
576 50690
577 0
578 0
579 39650
580 0
581 0
582 38225
583 0
584 0
585 45065
586 0
587 0
588 32640
589 0
590 0
591 63064
592 0
593 0
594 10317
595 0
596 0
597 61403
598 0
599 0
600 15089
601 0
602 0
603 21160
604 0
605 0
606 7064
607 0
608 0
609 29957
610 0
611 0
612 50524
613 0
614 0
615 11390
616 0
617 0
618 22738
619 0
620 0
621 20420
622 0
623 0
624 35031
625 0
626 0
627 46730
628 0
629 0
630 28385
631 0
632 0
633 32226
634 0
635 0
636 2734
637 0
638 0
639 64581
640 0
641 0
642 26706
643 0
644 0
645 10281
646 0
647 0
648 25543
649 0
650 0
651 18444
652 0
653 0
654 54749
655 0
656 0
657 58424
658 0
659 0
660 33805
661 0
662 0
663 38256
664 0
665 0
666 42700
667 0
668 0
669 20132
670 0
671 0
672 9980
673 0
674 0
675 18392
676 0
677 0
678 62878
679 0
680 0
681 16247
682 0
683 0
684 50656
685 0
686 0
687 62656
688 0
689 0
690 15956
691 0
692 0
693 56194
694 0
695 0
696 51742
697 0
698 0
699 36729
700 0
701 0
702 2796
703 0
704 0
705 1530
706 0
707 0
708 57658
709 0
710 0
711 3745
712 0
713 0
714 11563
715 0
716 0
717 19559
718 0
719 0
720 4225
721 0
722 0
723 22926
724 0
725 0
726 46341
727 0
728 0
729 63590
730 0
731 0
732 19867
733 0
734 0
735 10014
736 0
737 0
738 10842
739 0
740 0
741 44999
742 0
743 0
744 4816
745 0
746 0
747 23152
748 0
749 0
750 56444
751 0
752 0
753 31922
754 0
755 0
756 52806
757 0
758 0
759 22776
760 0
761 0
762 56696
763 0
764 0
765 20362
766 0
767 0
768 59090
769 0
770 0
771 8713
772 0
773 0
774 51881
775 0
776 0
777 15728
778 0
779 0
780 1732
781 0
782 0
783 33584
784 0
785 0
786 3716
787 0
788 0
789 11753
790 0
791 0
792 18135
793 0
794 0
795 13626
796 0
797 0
798 35798
799 0
800 0
801 6275
802 0
803 0
804 41671
805 0
806 0
807 40519
808 0
809 0
810 63290
811 0
812 0
813 33948
814 0
815 0
816 28431
817 0
818 0
819 14424
820 0
821 0
822 40357
823 0
824 0
825 55155
826 0
827 0
828 44420
829 0
830 0
831 47811
832 0
833 0
834 24363
835 0
836 0
837 23446
838 0
839 0
840 22805
841 0
842 0
843 16703
844 0
845 0
846 24071
847 0
848 0
849 44361
850 0
851 0
852 10242
853 0
854 0
855 12124
856 0
857 0
858 52878
859 0
860 0
861 56968
862 0
863 0
864 59896
865 0
866 0
867 517
868 0
869 0
870 28559
871 0
872 0
873 24127
874 0
875 0
876 12874
877 0
878 0
879 65005
880 0
881 0
882 45631
883 0
884 0
885 17098
886 0
887 0
888 5128
889 0
890 0
891 64643
892 0
893 0
894 12623
895 0
896 0
897 21885
898 0
899 0
900 2140
901 0
902 0
903 24353
904 0
905 0
906 61815
907 0
908 0
909 17534
910 0
911 0
912 59046
913 0
914 0
915 13129
916 0
917 0
918 41024
919 0
920 0
921 52966
922 0
923 0
924 37711
925 0
926 0
927 16811
928 0
929 0
930 48359
931 0
932 0
933 2236
934 0
935 0
936 60654
937 0
938 0
939 40523
940 0
941 0
942 20821
943 0
944 0
945 7501
946 0
947 0
948 52706
949 0
950 0
951 13562
952 0
953 0
954 42092
955 0
956 0
957 53972
958 0
959 0
960 63994
961 0
962 0
963 10886
964 0
965 0
966 40949
967 0
968 0
969 64405
970 0
971 0
972 63179
973 0
974 0
975 30473
976 0
977 0
978 2353
979 0
980 0
981 55959
982 0
983 0
984 11392
985 0
986 0
987 15078
988 0
989 0
990 47972
991 0
992 0
993 51512
994 0
995 0
996 52189
997 0
998 0
999 52609
1000 0
1001 0
1002 50049
1003 0
1004 0
1005 54592
1006 0
1007 0
1008 4654
1009 0
1010 0
1011 13104
1012 0
1013 0
1014 3521
1015 0
1016 0
1017 43198
1018 0
1019 0
1020 60869
1021 0
1022 0
1023 23019
1024 0
1025 0
1026 1668
1027 0
1028 0
1029 24089
1030 0
1031 0
1032 50876
1033 0
1034 0
1035 61787
1036 0
1037 0
1038 5469
1039 0
1040 0
1041 6981
1042 0
1043 0
1044 21875
1045 0
1046 0
1047 29882
1048 0
1049 0
1050 25255
1051 0
1052 0
1053 51149
1054 0
1055 0
1056 8120
1057 0
1058 0
1059 64286
1060 0
1061 0
1062 16807
1063 0
1064 0
1065 4124
1066 0
1067 0
1068 54243
1069 0
1070 0
1071 37590
1072 0
1073 0
1074 40581
1075 0
1076 0
1077 6722
1078 0
1079 0
1080 57754
1081 0
1082 0
1083 18534
1084 0
1085 0
1086 46088
1087 0
1088 0
1089 21963
1090 0
1091 0
1092 57654
1093 0
1094 0
1095 63193
1096 0
1097 0
1098 60794
1099 0
1100 0
1101 50029
1102 0
1103 0
1104 11803
1105 0
1106 0
1107 34197
1108 0
1109 0
1110 2351
1111 0
1112 0
1113 16469
1114 0
1115 0
1116 35501
1117 0
1118 0
1119 11608
1120 0
1121 0
1122 42440
1123 0
1124 0
1125 2831
1126 0
1127 0
1128 11718
1129 0
1130 0
1131 56714
1132 0
1133 0
1134 37556
1135 0
1136 0
1137 34218
1138 0
1139 0
1140 4557
1141 0
1142 0
1143 62827
1144 0
1145 0
1146 29644
1147 0
1148 0
1149 41573
1150 0
1151 0
1152 1667
1153 0
1154 0
1155 40500
1156 0
1157 0
1158 18871
1159 0
1160 0
1161 23654
1162 0
1163 0
1164 61310
1165 0
1166 0
1167 54309
1168 0
1169 0
1170 10977
1171 0
1172 0
1173 52138
1174 0
1175 0
1176 39003
1177 0
1178 0
1179 41936
1180 0
1181 0
1182 24620
1183 0
1184 0
1185 14096
1186 0
1187 0
1188 25931
1189 0
1190 0
1191 6903
1192 0
1193 0
1194 24490
