0 1
1 0
2 0
3 1
4 0
5 0
6 6
7 0
8 0
9 81
10 0
11 0
12 1990
13 0
14 0
15 46543
16 0
17 0
18 22856
19 0
20 0
21 51339
22 0
23 0
24 32081
25 0
26 0
27 17145
28 0
29 0
30 10856
31 0
32 0
33 4981
34 0
35 0
36 40990
37 0
38 0
39 33788
40 0
41 0
42 17093
43 0
44 0
45 2255
46 0
47 0
48 2644
49 0
50 0
51 46670
52 0
53 0
54 63805
55 0
56 0
57 10297
58 0
59 0
60 48999
61 0
62 0
63 26022
64 0
65 0
66 20108
67 0
68 0
69 6943
70 0
71 0
72 24136
73 0
74 0
75 53321
76 0
77 0
78 4586
79 0
80 0
81 36688
82 0
83 0
84 31892
85 0
86 0
87 41716
88 0
89 0
90 53611
91 0
92 0
93 47544
94 0
95 0
96 59962
97 0
98 0
99 35201
100 0
101 0
102 23353
103 0
104 0
105 38634
106 0
107 0
108 16692
109 0
110 0
111 29877
112 0
113 0
114 38294
115 0
116 0
117 59147
118 0
119 0
120 60756
121 0
122 0
123 5566
124 0
125 0
126 56179
127 0
128 0
129 20690
130 0
131 0
132 19060
133 0
134 0
135 33301
136 0
137 0
138 50461
139 0
140 0
141 30730
142 0
143 0
144 6393
145 0
146 0
147 31503
148 0
149 0
150 26625
151 0
152 0
153 36466
154 0
155 0
156 46252
157 0
158 0
159 60588
160 0
161 0
162 61537
163 0
164 0
165 30036
166 0
167 0
168 8714
169 0
170 0
171 57904
172 0
173 0
174 62079
175 0
176 0
177 25085
178 0
179 0
180 27226
181 0
182 0
183 2040
184 0
185 0
186 1195
187 0
188 0
189 44487
190 0
191 0
192 3410
193 0
194 0
195 3036
196 0
197 0
198 54550
199 0
200 0
201 53646
202 0
203 0
204 47172
205 0
206 0
207 50903
208 0
209 0
210 59773
211 0
212 0
213 50556
214 0
215 0
216 13391
217 0
218 0
219 20790
220 0
221 0
222 39267
223 0
224 0
225 50351
226 0
227 0
228 21680
229 0
230 0
231 63689
232 0
233 0
234 18419
235 0
236 0
237 9953
238 0
239 0
240 38765
241 0
242 0
243 20249
244 0
245 0
246 33430
247 0
248 0
249 4380
250 0
251 0
252 41415
253 0
254 0
255 27793
256 0
257 0
258 37025
259 0
260 0
261 36961
262 0
263 0
264 13080
265 0
266 0
267 28944
268 0
269 0
270 52990
271 0
272 0
273 18544
274 0
275 0
276 500
277 0
278 0
279 49461
280 0
281 0
282 3459
283 0
284 0
285 56683
286 0
287 0
288 35758
289 0
290 0
291 42800
292 0
293 0
294 39875
295 0
296 0
297 64212
298 0
299 0
300 5364
301 0
302 0
303 8792
304 0
305 0
306 42645
307 0
308 0
309 47990
310 0
311 0
312 10629
313 0
314 0
315 2755
316 0
317 0
318 31760
319 0
320 0
321 40402
322 0
323 0
324 41835
325 0
326 0
327 3928
328 0
329 0
330 45787
331 0
332 0
333 1897
334 0
335 0
336 7244
337 0
338 0
339 30988
340 0
341 0
342 27170
343 0
344 0
345 24421
346 0
347 0
348 61227
349 0
350 0
351 27340
352 0
353 0
354 41117
355 0
356 0
357 2151
358 0
359 0
360 32242
361 0
362 0
363 61656
364 0
365 0
366 46677
367 0
368 0
369 37708
370 0
371 0
372 8905
373 0
374 0
375 57924
376 0
377 0
378 19676
379 0
380 0
381 59122
382 0
383 0
384 32741
385 0
386 0
387 46382
388 0
389 0
390 2173
391 0
392 0
393 60037
394 0
395 0
396 37145
397 0
398 0
399 63322
400 0
401 0
402 48483
403 0
404 0
405 60727
406 0
407 0
408 2046
409 0
410 0
411 39809
412 0
413 0
414 12021
415 0
416 0
417 23116
418 0
419 0
420 63740
421 0
422 0
423 55913
424 0
425 0
426 55696
427 0
428 0
429 30888
430 0
431 0
432 44910
433 0
434 0
435 50
436 0
437 0
438 33168
439 0
440 0
441 51406
442 0
443 0
444 39926
445 0
446 0
447 28760
448 0
449 0
450 2180
451 0
452 0
453 23509
454 0
455 0
456 29238
457 0
458 0
459 6101
460 0
461 0
462 2821
463 0
464 0
465 14299
466 0
467 0
468 36582
469 0
470 0
471 20129
472 0
473 0
474 39756
475 0
476 0
477 3510
478 0
479 0
480 10433
481 0
482 0
483 30888
484 0
485 0
486 1190
487 0
488 0
489 3209
490 0
491 0
492 17010
493 0
494 0
495 31620
496 0
497 0
498 61531
499 0
500 0
501 5003
502 0
503 0
504 63541
505 0
506 0
507 21914
508 0
509 0
510 64820
511 0
512 0
513 63499
514 0
515 0
516 61748
517 0
518 0
519 41342
520 0
521 0
522 48411
523 0
524 0
525 8338
526 0
527 0
528 14534
529 0
530 0
531 35095
532 0
533 0
534 40104
535 0
536 0
537 24229
538 0
539 0
540 29408
541 0
542 0
543 53593
544 0
545 0
546 56031
547 0
548 0
549 7104
550 0
551 0
552 46080
553 0
554 0
555 22009
556 0
557 0
558 30986
559 0
560 0
561 56906
562 0
563 0
564 17326
565 0
566 0
567 16904
568 0
569 0
570 59253
571 0
572 0
573 10323
574 0
575 0
576 52600
577 0
578 0
579 43691
580 0
581 0
582 33163
583 0
584 0
585 51236
586 0
587 0
588 53381
589 0
590 0
591 23196
592 0
593 0
594 25978
595 0
596 0
597 21088
598 0
599 0
600 31826
601 0
602 0
603 39645
604 0
605 0
606 33336
607 0
608 0
609 49337
610 0
611 0
612 48091
613 0
614 0
615 47982
616 0
617 0
618 34994
619 0
620 0
621 52351
622 0
623 0
624 54706
625 0
626 0
627 415
628 0
629 0
630 11323
631 0
632 0
633 50400
634 0
635 0
636 3925
637 0
638 0
639 29187
640 0
641 0
642 44
643 0
644 0
645 19720
646 0
647 0
648 38163
649 0
650 0
651 57567
652 0
653 0
654 18350
655 0
656 0
657 40784
658 0
659 0
660 21086
661 0
662 0
663 1246
664 0
665 0
666 51161
667 0
668 0
669 65342
670 0
671 0
672 28366
673 0
674 0
675 6024
676 0
677 0
678 43151
679 0
680 0
681 52971
682 0
683 0
684 898
685 0
686 0
687 2855
688 0
689 0
690 58232
691 0
692 0
693 22772
694 0
695 0
696 62257
697 0
698 0
699 1697
700 0
701 0
702 54387
703 0
704 0
705 7729
706 0
707 0
708 25360
709 0
710 0
711 56310
712 0
713 0
714 41268
715 0
716 0
717 10500
718 0
719 0
720 46379
721 0
722 0
723 18475
724 0
725 0
726 10647
727 0
728 0
729 53793
730 0
731 0
732 47155
733 0
734 0
735 50566
736 0
737 0
738 3211
739 0
740 0
741 38230
742 0
743 0
744 60164
745 0
746 0
747 209
748 0
749 0
750 52590
751 0
752 0
753 26639
754 0
755 0
756 48149
757 0
758 0
759 43296
760 0
761 0
762 61217
763 0
764 0
765 51378
766 0
767 0
768 64831
769 0
770 0
771 10637
772 0
773 0
774 49264
775 0
776 0
777 35161
778 0
779 0
780 18796
781 0
782 0
783 62042
784 0
785 0
786 48784
787 0
788 0
789 61626
790 0
791 0
792 9654
793 0
794 0
795 21630
796 0
797 0
798 4994
799 0
800 0
801 57154
802 0
803 0
804 28361
805 0
806 0
807 354
808 0
809 0
810 44747
811 0
812 0
813 40974
814 0
815 0
816 15263
817 0
818 0
819 42360
820 0
821 0
822 17652
823 0
824 0
825 52412
826 0
827 0
828 64291
829 0
830 0
831 50332
832 0
833 0
834 26542
835 0
836 0
837 41744
838 0
839 0
840 14794
841 0
842 0
843 3702
844 0
845 0
846 42705
847 0
848 0
849 26464
850 0
851 0
852 3831
853 0
854 0
855 15085
856 0
857 0
858 7130
859 0
860 0
861 18749
862 0
863 0
864 19622
865 0
866 0
867 20507
868 0
869 0
870 5004
871 0
872 0
873 34735
874 0
875 0
876 50756
877 0
878 0
879 10942
880 0
881 0
882 42285
883 0
884 0
885 10066
886 0
887 0
888 52512
889 0
890 0
891 43301
892 0
893 0
894 18727
895 0
896 0
897 5900
898 0
899 0
900 59465
901 0
902 0
903 42583
904 0
905 0
906 39165
907 0
908 0
909 54969
910 0
911 0
912 40228
913 0
914 0
915 9472
916 0
917 0
918 31535
919 0
920 0
921 14133
922 0
923 0
924 47586
925 0
926 0
927 39230
928 0
929 0
930 45730
931 0
932 0
933 56926
934 0
935 0
936 6401
937 0
938 0
939 41345
940 0
941 0
942 61271
943 0
944 0
945 62831
946 0
947 0
948 449
949 0
950 0
951 63334
952 0
953 0
954 28708
955 0
956 0
957 55911
958 0
959 0
960 21421
961 0
962 0
963 44084
964 0
965 0
966 41633
967 0
968 0
969 16546
970 0
971 0
972 53222
973 0
974 0
975 27201
976 0
977 0
978 47938
979 0
980 0
981 17052
982 0
983 0
984 60287
985 0
986 0
987 558
988 0
989 0
990 53475
991 0
992 0
993 28957
994 0
995 0
996 53241
997 0
998 0
999 35922
1000 0
1001 0
1002 20796
1003 0
1004 0
1005 63852
1006 0
1007 0
1008 49113
1009 0
1010 0
1011 46627
1012 0
1013 0
1014 53048
1015 0
1016 0
1017 38953
1018 0
1019 0
1020 40572
1021 0
1022 0
1023 48091
1024 0
1025 0
1026 10697
1027 0
1028 0
1029 21946
1030 0
1031 0
1032 43170
1033 0
1034 0
1035 36319
1036 0
1037 0
1038 20692
1039 0
1040 0
1041 29836
1042 0
1043 0
1044 52678
1045 0
1046 0
1047 23269
1048 0
1049 0
1050 56458
1051 0
1052 0
1053 7017
1054 0
1055 0
1056 55854
1057 0
1058 0
1059 19214
1060 0
1061 0
1062 49570
1063 0
1064 0
1065 23264
1066 0
1067 0
1068 44990
1069 0
1070 0
1071 28730
1072 0
1073 0
1074 1532
1075 0
1076 0
1077 37293
1078 0
1079 0
1080 29319
1081 0
1082 0
1083 57825
1084 0
1085 0
1086 6353
1087 0
1088 0
1089 24851
1090 0
1091 0
1092 48297
1093 0
1094 0
1095 41247
1096 0
1097 0
1098 13832
1099 0
1100 0
1101 30493
1102 0
1103 0
1104 749
1105 0
1106 0
1107 19964
1108 0
1109 0
1110 42352
1111 0
1112 0
1113 11380
1114 0
1115 0
1116 57995
1117 0
1118 0
1119 20380
1120 0
1121 0
1122 33531
1123 0
1124 0
1125 47889
1126 0
1127 0
1128 64912
1129 0
1130 0
1131 30843
1132 0
1133 0
1134 20662
1135 0
1136 0
1137 19499
1138 0
1139 0
1140 61212
1141 0
1142 0
1143 13198
1144 0
1145 0
1146 61107
1147 0
1148 0
1149 24418
1150 0
1151 0
1152 61252
1153 0
1154 0
1155 61124
1156 0
1157 0
1158 57186
1159 0
1160 0
1161 36407
1162 0
1163 0
1164 58592
1165 0
1166 0
1167 14403
1168 0
1169 0
1170 59489
1171 0
1172 0
1173 36968
1174 0
1175 0
1176 35180
1177 0
1178 0
1179 51232
1180 0
1181 0
1182 46637
1183 0
1184 0
1185 57169
1186 0
1187 0
1188 34616
1189 0
1190 0
1191 62086
1192 0
1193 0
1194 27481
