0 1
1 0
2 0
3 1
4 0
5 0
6 6
7 0
8 0
9 81
10 0
11 0
12 1990
13 0
14 0
15 46543
16 0
17 0
18 24026
19 0
20 0
21 3982
22 0
23 0
24 59480
25 0
26 0
27 62090
28 0
29 0
30 17729
31 0
32 0
33 21449
34 0
35 0
36 18790
37 0
38 0
39 62219
40 0
41 0
42 38115
43 0
44 0
45 61554
46 0
47 0
48 20066
49 0
50 0
51 36881
52 0
53 0
54 14584
55 0
56 0
57 8922
58 0
59 0
60 16540
61 0
62 0
63 62760
64 0
65 0
66 9231
67 0
68 0
69 57239
70 0
71 0
72 10536
73 0
74 0
75 11943
76 0
77 0
78 58808
79 0
80 0
81 59404
82 0
83 0
84 58108
85 0
86 0
87 59037
88 0
89 0
90 57722
91 0
92 0
93 33489
94 0
95 0
96 25519
97 0
98 0
99 16419
100 0
101 0
102 47816
103 0
104 0
105 59373
106 0
107 0
108 42956
109 0
110 0
111 59543
112 0
113 0
114 64083
115 0
116 0
117 32087
118 0
119 0
120 48934
121 0
122 0
123 13744
124 0
125 0
126 29974
127 0
128 0
129 10536
130 0
131 0
132 1038
133 0
134 0
135 14606
136 0
137 0
138 49400
139 0
140 0
141 8208
142 0
143 0
144 58349
145 0
146 0
147 7984
148 0
149 0
150 17136
151 0
152 0
153 41297
154 0
155 0
156 1278
157 0
158 0
159 10788
160 0
161 0
162 49353
163 0
164 0
165 11770
166 0
167 0
168 11423
169 0
170 0
171 13266
172 0
173 0
174 46004
175 0
176 0
177 56390
178 0
179 0
180 2006
181 0
182 0
183 37323
184 0
185 0
186 56643
187 0
188 0
189 17308
190 0
191 0
192 64770
193 0
194 0
195 33566
196 0
197 0
198 2277
199 0
200 0
201 11016
202 0
203 0
204 51956
205 0
206 0
207 32312
208 0
209 0
210 6187
211 0
212 0
213 1296
214 0
215 0
216 52027
217 0
218 0
219 32716
220 0
221 0
222 32793
223 0
224 0
225 23968
226 0
227 0
228 13371
229 0
230 0
231 23400
232 0
233 0
234 65204
235 0
236 0
237 12477
238 0
239 0
240 64258
241 0
242 0
243 40629
244 0
245 0
246 14254
247 0
248 0
249 13397
250 0
251 0
252 63333
253 0
254 0
255 40378
256 0
257 0
258 61678
259 0
260 0
261 6814
262 0
263 0
264 42182
265 0
266 0
267 58797
268 0
269 0
270 64178
271 0
272 0
273 63415
274 0
275 0
276 33975
277 0
278 0
279 21933
280 0
281 0
282 60302
283 0
284 0
285 61080
286 0
287 0
288 33300
289 0
290 0
291 13225
292 0
293 0
294 53800
295 0
296 0
297 30735
298 0
299 0
300 15789
301 0
302 0
303 62995
304 0
305 0
306 3913
307 0
308 0
309 43747
310 0
311 0
312 58002
313 0
314 0
315 59067
316 0
317 0
318 60866
319 0
320 0
321 49274
322 0
323 0
324 14806
325 0
326 0
327 38198
328 0
329 0
330 42887
331 0
332 0
333 28319
334 0
335 0
336 32639
337 0
338 0
339 32115
340 0
341 0
342 48863
343 0
344 0
345 54966
346 0
347 0
348 57650
349 0
350 0
351 21110
352 0
353 0
354 13289
355 0
356 0
357 4162
358 0
359 0
360 21772
361 0
362 0
363 42733
364 0
365 0
366 14608
367 0
368 0
369 65101
370 0
371 0
372 46057
373 0
374 0
375 9834
376 0
377 0
378 35021
379 0
380 0
381 64444
382 0
383 0
384 50064
385 0
386 0
387 41177
388 0
389 0
390 41829
391 0
392 0
393 21130
394 0
395 0
396 48442
397 0
398 0
399 20284
400 0
401 0
402 45266
403 0
404 0
405 39523
406 0
407 0
408 58870
409 0
410 0
411 38459
412 0
413 0
414 31802
415 0
416 0
417 60318
418 0
419 0
420 28474
421 0
422 0
423 13519
424 0
425 0
426 7386
427 0
428 0
429 36854
430 0
431 0
432 5161
433 0
434 0
435 8970
436 0
437 0
438 51358
439 0
440 0
441 19106
442 0
443 0
444 5477
445 0
446 0
447 46931
448 0
449 0
450 45449
451 0
452 0
453 18424
454 0
455 0
456 37423
457 0
458 0
459 27111
460 0
461 0
462 45911
463 0
464 0
465 60698
466 0
467 0
468 58680
469 0
470 0
471 55232
472 0
473 0
474 1476
475 0
476 0
477 226
478 0
479 0
480 54065
481 0
482 0
483 38169
484 0
485 0
486 15566
487 0
488 0
489 29321
490 0
491 0
492 51558
493 0
494 0
495 34347
496 0
497 0
498 27449
499 0
500 0
501 13121
502 0
503 0
504 58971
505 0
506 0
507 21275
508 0
509 0
510 1176
511 0
512 0
513 8925
514 0
515 0
516 31404
517 0
518 0
519 26992
520 0
521 0
522 30925
523 0
524 0
525 57022
526 0
527 0
528 9899
529 0
530 0
531 51652
532 0
533 0
534 2254
535 0
536 0
537 16278
538 0
539 0
540 57031
541 0
542 0
543 62406
544 0
545 0
546 56104
547 0
548 0
549 47875
550 0
551 0
552 34057
553 0
554 0
555 23469
556 0
557 0
558 1628
559 0
560 0
561 1889
562 0
563 0
564 47065
565 0
566 0
567 62227
568 0
569 0
570 26689
571 0
572 0
573 139
574 0
575 0
576 38863
577 0
578 0
579 37012
580 0
581 0
582 37413
583 0
584 0
585 15956
586 0
587 0
588 35012
589 0
590 0
591 55378
592 0
593 0
594 19782
595 0
596 0
597 51999
598 0
599 0
600 21666
601 0
602 0
603 53043
604 0
605 0
606 19647
607 0
608 0
609 60525
610 0
611 0
612 7964
613 0
614 0
615 40625
616 0
617 0
618 4316
619 0
620 0
621 31433
622 0
623 0
624 10927
625 0
626 0
627 38379
628 0
629 0
630 20217
631 0
632 0
633 51155
634 0
635 0
636 48193
637 0
638 0
639 12322
640 0
641 0
642 37785
643 0
644 0
645 45711
646 0
647 0
648 11551
649 0
650 0
651 11248
652 0
653 0
654 64045
655 0
656 0
657 36708
658 0
659 0
660 28051
661 0
662 0
663 64292
664 0
665 0
666 18665
667 0
668 0
669 51391
670 0
671 0
672 44790
673 0
674 0
675 53362
676 0
677 0
678 53386
679 0
680 0
681 64956
682 0
683 0
684 62147
685 0
686 0
687 58539
688 0
689 0
690 4043
691 0
692 0
693 2035
694 0
695 0
696 30034
697 0
698 0
699 19024
700 0
701 0
702 40422
703 0
704 0
705 679
706 0
707 0
708 2516
709 0
710 0
711 50607
712 0
713 0
714 61393
715 0
716 0
717 59354
718 0
719 0
720 20521
721 0
722 0
723 926
724 0
725 0
726 64911
727 0
728 0
729 27020
730 0
731 0
732 3753
733 0
734 0
735 49159
736 0
737 0
738 51452
739 0
740 0
741 10922
742 0
743 0
744 14819
745 0
746 0
747 2228
748 0
749 0
750 43570
751 0
752 0
753 32624
754 0
755 0
756 31260
757 0
758 0
759 23287
760 0
761 0
762 51529
763 0
764 0
765 32346
766 0
767 0
768 41532
769 0
770 0
771 52658
772 0
773 0
774 11776
775 0
776 0
777 10979
778 0
779 0
780 23597
781 0
782 0
783 13543
784 0
785 0
786 31706
787 0
788 0
789 32115
790 0
791 0
792 13518
793 0
794 0
795 56442
796 0
797 0
798 7789
799 0
800 0
801 50976
802 0
803 0
804 41593
805 0
806 0
807 17769
808 0
809 0
810 27383
811 0
812 0
813 1877
814 0
815 0
816 3975
817 0
818 0
819 27957
820 0
821 0
822 35529
823 0
824 0
825 31458
826 0
827 0
828 32794
829 0
830 0
831 29168
832 0
833 0
834 24681
835 0
836 0
837 9757
838 0
839 0
840 11883
841 0
842 0
843 44403
844 0
845 0
846 1330
847 0
848 0
849 11666
850 0
851 0
852 63091
853 0
854 0
855 4385
856 0
857 0
858 58799
859 0
860 0
861 45810
862 0
863 0
864 47286
865 0
866 0
867 36582
868 0
869 0
870 28305
871 0
872 0
873 8676
874 0
875 0
876 3058
877 0
878 0
879 60612
880 0
881 0
882 60525
883 0
884 0
885 45484
886 0
887 0
888 1568
889 0
890 0
891 39590
892 0
893 0
894 15086
895 0
896 0
897 10083
898 0
899 0
900 34069
901 0
902 0
903 37657
904 0
905 0
906 14055
907 0
908 0
909 31330
910 0
911 0
912 41567
913 0
914 0
915 43351
916 0
917 0
918 26550
919 0
920 0
921 12936
922 0
923 0
924 56165
925 0
926 0
927 8670
928 0
929 0
930 19450
931 0
932 0
933 6972
934 0
935 0
936 3045
937 0
938 0
939 59904
940 0
941 0
942 24509
943 0
944 0
945 56431
946 0
947 0
948 48936
949 0
950 0
951 64989
952 0
953 0
954 48625
955 0
956 0
957 42796
958 0
959 0
960 35081
961 0
962 0
963 53450
964 0
965 0
966 10363
967 0
968 0
969 22216
970 0
971 0
972 28879
973 0
974 0
975 20434
976 0
977 0
978 15703
979 0
980 0
981 8349
982 0
983 0
984 48185
985 0
986 0
987 43894
988 0
989 0
990 57025
991 0
992 0
993 22444
994 0
995 0
996 18673
997 0
998 0
999 60090
1000 0
1001 0
1002 44662
1003 0
1004 0
1005 41877
1006 0
1007 0
1008 23937
1009 0
1010 0
1011 33432
1012 0
1013 0
1014 39173
1015 0
1016 0
1017 62304
1018 0
1019 0
1020 1713
1021 0
1022 0
1023 55801
1024 0
1025 0
1026 36394
1027 0
1028 0
1029 65239
1030 0
1031 0
1032 40054
1033 0
1034 0
1035 18931
1036 0
1037 0
1038 45894
1039 0
1040 0
1041 24487
1042 0
1043 0
1044 12035
1045 0
1046 0
1047 1552
1048 0
1049 0
1050 29427
1051 0
1052 0
1053 6150
1054 0
1055 0
1056 57957
1057 0
1058 0
1059 64309
1060 0
1061 0
1062 36614
1063 0
1064 0
1065 60512
1066 0
1067 0
1068 25345
1069 0
1070 0
1071 63711
1072 0
1073 0
1074 64118
1075 0
1076 0
1077 27538
1078 0
1079 0
1080 29773
1081 0
1082 0
1083 32773
1084 0
1085 0
1086 45032
1087 0
1088 0
1089 64816
1090 0
1091 0
1092 58750
1093 0
1094 0
1095 51196
1096 0
1097 0
1098 1413
1099 0
1100 0
1101 17895
1102 0
1103 0
1104 64680
1105 0
1106 0
1107 46742
1108 0
1109 0
1110 35964
1111 0
1112 0
1113 60094
1114 0
1115 0
1116 12153
1117 0
1118 0
1119 14809
1120 0
1121 0
1122 45730
1123 0
1124 0
1125 51937
1126 0
1127 0
1128 15598
1129 0
1130 0
1131 54244
1132 0
1133 0
1134 53386
1135 0
1136 0
1137 51145
1138 0
1139 0
1140 22381
1141 0
1142 0
1143 52744
1144 0
1145 0
1146 63419
1147 0
1148 0
1149 49365
1150 0
1151 0
1152 39377
1153 0
1154 0
1155 19230
1156 0
1157 0
1158 2922
1159 0
1160 0
1161 11802
1162 0
1163 0
1164 917
1165 0
1166 0
1167 12032
1168 0
1169 0
1170 2315
1171 0
1172 0
1173 32530
1174 0
1175 0
1176 49266
1177 0
1178 0
1179 59836
1180 0
1181 0
1182 12585
1183 0
1184 0
1185 6537
1186 0
1187 0
1188 27249
1189 0
1190 0
1191 19547
1192 0
1193 0
1194 54846
