0 1
1 0
2 0
3 1
4 0
5 0
6 6
7 0
8 0
9 81
10 0
11 0
12 1990
13 0
14 0
15 46543
16 0
17 0
18 23298
19 0
20 0
21 58139
22 0
23 0
24 51090
25 0
26 0
27 47920
28 0
29 0
30 24105
31 0
32 0
33 25872
34 0
35 0
36 3846
37 0
38 0
39 14772
40 0
41 0
42 1536
43 0
44 0
45 29819
46 0
47 0
48 54348
49 0
50 0
51 43714
52 0
53 0
54 51799
55 0
56 0
57 5200
58 0
59 0
60 31987
61 0
62 0
63 62804
64 0
65 0
66 39455
67 0
68 0
69 27277
70 0
71 0
72 1219
73 0
74 0
75 4276
76 0
77 0
78 20885
79 0
80 0
81 59076
82 0
83 0
84 4694
85 0
86 0
87 27467
88 0
89 0
90 52365
91 0
92 0
93 21749
94 0
95 0
96 10788
97 0
98 0
99 12484
100 0
101 0
102 31743
103 0
104 0
105 54345
106 0
107 0
108 46696
109 0
110 0
111 35404
112 0
113 0
114 3108
115 0
116 0
117 19778
118 0
119 0
120 1564
121 0
122 0
123 28090
124 0
125 0
126 1526
127 0
128 0
129 43906
130 0
131 0
132 34207
133 0
134 0
135 60318
136 0
137 0
138 28419
139 0
140 0
141 13543
142 0
143 0
144 41027
145 0
146 0
147 58285
148 0
149 0
150 52623
151 0
152 0
153 27515
154 0
155 0
156 47142
157 0
158 0
159 57692
160 0
161 0
162 7156
163 0
164 0
165 7034
166 0
167 0
168 3765
169 0
170 0
171 50118
172 0
173 0
174 41632
175 0
176 0
177 47045
178 0
179 0
180 33480
181 0
182 0
183 7718
184 0
185 0
186 56932
187 0
188 0
189 12978
190 0
191 0
192 17993
193 0
194 0
195 51962
196 0
197 0
198 21079
199 0
200 0
201 19040
202 0
203 0
204 20423
205 0
206 0
207 17487
208 0
209 0
210 48624
211 0
212 0
213 29511
214 0
215 0
216 6353
217 0
218 0
219 31029
220 0
221 0
222 56847
223 0
224 0
225 63598
226 0
227 0
228 26126
229 0
230 0
231 32079
232 0
233 0
234 54991
235 0
236 0
237 27562
238 0
239 0
240 25136
241 0
242 0
243 30561
244 0
245 0
246 13941
247 0
248 0
249 2235
250 0
251 0
252 33667
253 0
254 0
255 4060
256 0
257 0
258 11399
259 0
260 0
261 46390
262 0
263 0
264 58666
265 0
266 0
267 26018
268 0
269 0
270 43457
271 0
272 0
273 31328
274 0
275 0
276 27054
277 0
278 0
279 25932
280 0
281 0
282 47159
283 0
284 0
285 36109
286 0
287 0
288 18901
289 0
290 0
291 33363
292 0
293 0
294 14358
295 0
296 0
297 42971
298 0
299 0
300 1497
301 0
302 0
303 11650
304 0
305 0
306 9671
307 0
308 0
309 696
310 0
311 0
312 34947
313 0
314 0
315 54956
316 0
317 0
318 14206
319 0
320 0
321 43459
322 0
323 0
324 55788
325 0
326 0
327 15209
328 0
329 0
330 14414
331 0
332 0
333 23929
334 0
335 0
336 21440
337 0
338 0
339 38475
340 0
341 0
342 44769
343 0
344 0
345 48261
346 0
347 0
348 51249
349 0
350 0
351 55249
352 0
353 0
354 46149
355 0
356 0
357 22254
358 0
359 0
360 63486
361 0
362 0
363 45853
364 0
365 0
366 43038
367 0
368 0
369 61299
370 0
371 0
372 25409
373 0
374 0
375 44719
376 0
377 0
378 27167
379 0
380 0
381 33594
382 0
383 0
384 62193
385 0
386 0
387 36788
388 0
389 0
390 24253
391 0
392 0
393 12694
394 0
395 0
396 18251
397 0
398 0
399 64791
400 0
401 0
402 62968
403 0
404 0
405 15402
406 0
407 0
408 64525
409 0
410 0
411 21330
412 0
413 0
414 36573
415 0
416 0
417 14114
418 0
419 0
420 6529
421 0
422 0
423 57914
424 0
425 0
426 55801
427 0
428 0
429 40876
430 0
431 0
432 35784
433 0
434 0
435 1590
436 0
437 0
438 9978
439 0
440 0
441 51122
442 0
443 0
444 1828
445 0
446 0
447 29433
448 0
449 0
450 18524
451 0
452 0
453 13829
454 0
455 0
456 32727
457 0
458 0
459 55189
460 0
461 0
462 48439
463 0
464 0
465 9616
466 0
467 0
468 27375
469 0
470 0
471 61279
472 0
473 0
474 29193
475 0
476 0
477 57455
478 0
479 0
480 58837
481 0
482 0
483 53687
484 0
485 0
486 41091
487 0
488 0
489 2331
490 0
491 0
492 64533
493 0
494 0
495 55352
496 0
497 0
498 17423
499 0
500 0
501 42235
502 0
503 0
504 16248
505 0
506 0
507 8459
508 0
509 0
510 44440
511 0
512 0
513 64411
514 0
515 0
516 53572
517 0
518 0
519 24165
520 0
521 0
522 57879
523 0
524 0
525 13419
526 0
527 0
528 57722
529 0
530 0
531 36906
532 0
533 0
534 50953
535 0
536 0
537 60521
538 0
539 0
540 52375
541 0
542 0
543 10856
544 0
545 0
546 33579
547 0
548 0
549 54028
550 0
551 0
552 13665
553 0
554 0
555 25740
556 0
557 0
558 47557
559 0
560 0
561 25858
562 0
563 0
564 35527
565 0
566 0
567 59041
568 0
569 0
570 42787
571 0
572 0
573 39215
574 0
575 0
576 59412
577 0
578 0
579 57201
580 0
581 0
582 22933
583 0
584 0
585 6319
586 0
587 0
588 57185
589 0
590 0
591 16906
592 0
593 0
594 3184
595 0
596 0
597 351
598 0
599 0
600 57518
601 0
602 0
603 42798
604 0
605 0
606 8239
607 0
608 0
609 62379
610 0
611 0
612 55623
613 0
614 0
615 35941
616 0
617 0
618 16393
619 0
620 0
621 46207
622 0
623 0
624 41948
625 0
626 0
627 24508
628 0
629 0
630 30975
631 0
632 0
633 8334
634 0
635 0
636 32360
637 0
638 0
639 25998
640 0
641 0
642 16122
643 0
644 0
645 6593
646 0
647 0
648 11817
649 0
650 0
651 45344
652 0
653 0
654 19315
655 0
656 0
657 40537
658 0
659 0
660 327
661 0
662 0
663 18416
664 0
665 0
666 60236
667 0
668 0
669 48316
670 0
671 0
672 20423
673 0
674 0
675 64194
676 0
677 0
678 42513
679 0
680 0
681 5558
682 0
683 0
684 44896
685 0
686 0
687 35138
688 0
689 0
690 22788
691 0
692 0
693 42508
694 0
695 0
696 54229
697 0
698 0
699 65021
700 0
701 0
702 38203
703 0
704 0
705 63780
706 0
707 0
708 46279
709 0
710 0
711 35514
712 0
713 0
714 19932
715 0
716 0
717 1919
718 0
719 0
720 47904
721 0
722 0
723 22887
724 0
725 0
726 2456
727 0
728 0
729 48619
730 0
731 0
732 8290
733 0
734 0
735 7423
736 0
737 0
738 32284
739 0
740 0
741 35106
742 0
743 0
744 46701
745 0
746 0
747 17839
748 0
749 0
750 58986
751 0
752 0
753 13813
754 0
755 0
756 3955
757 0
758 0
759 47729
760 0
761 0
762 7341
763 0
764 0
765 61401
766 0
767 0
768 39382
769 0
770 0
771 48182
772 0
773 0
774 14245
775 0
776 0
777 58449
778 0
779 0
780 14883
781 0
782 0
783 63630
784 0
785 0
786 28495
787 0
788 0
789 60624
790 0
791 0
792 49330
793 0
794 0
795 56205
796 0
797 0
798 35213
799 0
800 0
801 761
802 0
803 0
804 43038
805 0
806 0
807 58758
808 0
809 0
810 22043
811 0
812 0
813 60898
814 0
815 0
816 20863
817 0
818 0
819 363
820 0
821 0
822 64413
823 0
824 0
825 34835
826 0
827 0
828 30689
829 0
830 0
831 26873
832 0
833 0
834 21106
835 0
836 0
837 3245
838 0
839 0
840 16298
841 0
842 0
843 2969
844 0
845 0
846 12791
847 0
848 0
849 48383
850 0
851 0
852 43787
853 0
854 0
855 4421
856 0
857 0
858 11168
859 0
860 0
861 57419
862 0
863 0
864 5443
865 0
866 0
867 16088
868 0
869 0
870 35603
871 0
872 0
873 16002
874 0
875 0
876 62513
877 0
878 0
879 51807
880 0
881 0
882 37470
883 0
884 0
885 6675
886 0
887 0
888 3654
889 0
890 0
891 30833
892 0
893 0
894 6001
895 0
896 0
897 48678
898 0
899 0
900 49247
901 0
902 0
903 47
904 0
905 0
906 1931
907 0
908 0
909 55453
910 0
911 0
912 26818
913 0
914 0
915 7298
916 0
917 0
918 11973
919 0
920 0
921 35372
922 0
923 0
924 6304
925 0
926 0
927 20192
928 0
929 0
930 47012
931 0
932 0
933 39967
934 0
935 0
936 52139
937 0
938 0
939 17424
940 0
941 0
942 15494
943 0
944 0
945 3775
946 0
947 0
948 37128
949 0
950 0
951 690
952 0
953 0
954 3582
955 0
956 0
957 29759
958 0
959 0
960 54359
961 0
962 0
963 26948
964 0
965 0
966 37478
967 0
968 0
969 10595
970 0
971 0
972 51798
973 0
974 0
975 21840
976 0
977 0
978 13333
979 0
980 0
981 53551
982 0
983 0
984 25592
985 0
986 0
987 61581
988 0
989 0
990 61701
991 0
992 0
993 3481
994 0
995 0
996 36678
997 0
998 0
999 47440
1000 0
1001 0
1002 26425
1003 0
1004 0
1005 7288
1006 0
1007 0
1008 15479
1009 0
1010 0
1011 29302
1012 0
1013 0
1014 57412
1015 0
1016 0
1017 50537
1018 0
1019 0
1020 1626
1021 0
1022 0
1023 44391
1024 0
1025 0
1026 59658
1027 0
1028 0
1029 4089
1030 0
1031 0
1032 5252
1033 0
1034 0
1035 24411
1036 0
1037 0
1038 1555
1039 0
1040 0
1041 26163
1042 0
1043 0
1044 55695
1045 0
1046 0
1047 3390
1048 0
1049 0
1050 3184
1051 0
1052 0
1053 60751
1054 0
1055 0
1056 38502
1057 0
1058 0
1059 22673
1060 0
1061 0
1062 7667
1063 0
1064 0
1065 16651
1066 0
1067 0
1068 24532
1069 0
1070 0
1071 3928
1072 0
1073 0
1074 7632
1075 0
1076 0
1077 32007
1078 0
1079 0
1080 56078
1081 0
1082 0
1083 60404
1084 0
1085 0
1086 45181
1087 0
1088 0
1089 17190
1090 0
1091 0
1092 43477
1093 0
1094 0
1095 55154
1096 0
1097 0
1098 17800
1099 0
1100 0
1101 1566
1102 0
1103 0
1104 33111
1105 0
1106 0
1107 7127
1108 0
1109 0
1110 45002
1111 0
1112 0
1113 18991
1114 0
1115 0
1116 37609
1117 0
1118 0
1119 57126
1120 0
1121 0
1122 42100
1123 0
1124 0
1125 15032
1126 0
1127 0
1128 34423
1129 0
1130 0
1131 58464
1132 0
1133 0
1134 10304
1135 0
1136 0
1137 36085
1138 0
1139 0
1140 59435
1141 0
1142 0
1143 33094
1144 0
1145 0
1146 57688
1147 0
1148 0
1149 45812
1150 0
1151 0
1152 777
1153 0
1154 0
1155 56156
1156 0
1157 0
1158 60492
1159 0
1160 0
1161 19310
1162 0
1163 0
1164 21457
1165 0
1166 0
1167 49435
1168 0
1169 0
1170 745
1171 0
1172 0
1173 60554
1174 0
1175 0
1176 62953
1177 0
1178 0
1179 31254
1180 0
1181 0
1182 40937
1183 0
1184 0
1185 42212
1186 0
1187 0
1188 20394
1189 0
1190 0
1191 52608
1192 0
1193 0
1194 51124
