0 1
1 0
2 0
3 1
4 0
5 0
6 6
7 0
8 0
9 81
10 0
11 0
12 1990
13 0
14 0
15 46543
16 0
17 0
18 22440
19 0
20 0
21 44939
22 0
23 0
24 18104
25 0
26 0
27 39060
28 0
29 0
30 13606
31 0
32 0
33 64024
34 0
35 0
36 59255
37 0
38 0
39 55253
40 0
41 0
42 47547
43 0
44 0
45 26322
46 0
47 0
48 64549
49 0
50 0
51 57640
52 0
53 0
54 31521
55 0
56 0
57 46779
58 0
59 0
60 11695
61 0
62 0
63 9649
64 0
65 0
66 22574
67 0
68 0
69 62917
70 0
71 0
72 54454
73 0
74 0
75 36487
76 0
77 0
78 32271
79 0
80 0
81 61392
82 0
83 0
84 10337
85 0
86 0
87 24177
88 0
89 0
90 12761
91 0
92 0
93 4238
94 0
95 0
96 47612
97 0
98 0
99 60924
100 0
101 0
102 49987
103 0
104 0
105 22512
106 0
107 0
108 42437
109 0
110 0
111 65106
112 0
113 0
114 41011
115 0
116 0
117 25868
118 0
119 0
120 26849
121 0
122 0
123 64859
124 0
125 0
126 40040
127 0
128 0
129 11096
130 0
131 0
132 25874
133 0
134 0
135 18008
136 0
137 0
138 61664
139 0
140 0
141 10755
142 0
143 0
144 23181
145 0
146 0
147 35705
148 0
149 0
150 44986
151 0
152 0
153 50294
154 0
155 0
156 51283
157 0
158 0
159 52080
160 0
161 0
162 1164
163 0
164 0
165 22447
166 0
167 0
168 21537
169 0
170 0
171 27002
172 0
173 0
174 24253
175 0
176 0
177 6741
178 0
179 0
180 57238
181 0
182 0
183 65068
184 0
185 0
186 58231
187 0
188 0
189 35942
190 0
191 0
192 15515
193 0
194 0
195 18652
196 0
197 0
198 25758
199 0
200 0
201 36810
202 0
203 0
204 34349
205 0
206 0
207 13402
208 0
209 0
210 52511
211 0
212 0
213 10664
214 0
215 0
216 12007
217 0
218 0
219 2098
220 0
221 0
222 56798
223 0
224 0
225 48649
226 0
227 0
228 34077
229 0
230 0
231 47126
232 0
233 0
234 24716
235 0
236 0
237 15808
238 0
239 0
240 51050
241 0
242 0
243 22516
244 0
245 0
246 13220
247 0
248 0
249 35286
250 0
251 0
252 46099
253 0
254 0
255 12535
256 0
257 0
258 48836
259 0
260 0
261 32685
262 0
263 0
264 26992
265 0
266 0
267 31317
268 0
269 0
270 5506
271 0
272 0
273 48856
274 0
275 0
276 53323
277 0
278 0
279 24623
280 0
281 0
282 17428
283 0
284 0
285 57224
286 0
287 0
288 61846
289 0
290 0
291 63596
292 0
293 0
294 9056
295 0
296 0
297 59179
298 0
299 0
300 54053
301 0
302 0
303 35378
304 0
305 0
306 27731
307 0
308 0
309 34588
310 0
311 0
312 40462
313 0
314 0
315 59663
316 0
317 0
318 4819
319 0
320 0
321 38990
322 0
323 0
324 34269
325 0
326 0
327 40261
328 0
329 0
330 17389
331 0
332 0
333 19700
334 0
335 0
336 14889
337 0
338 0
339 18749
340 0
341 0
342 62094
343 0
344 0
345 18967
346 0
347 0
348 52728
349 0
350 0
351 19786
352 0
353 0
354 62155
355 0
356 0
357 23573
358 0
359 0
360 56110
361 0
362 0
363 18430
364 0
365 0
366 53209
367 0
368 0
369 948
370 0
371 0
372 677
373 0
374 0
375 26058
376 0
377 0
378 47567
379 0
380 0
381 39114
382 0
383 0
384 19668
385 0
386 0
387 6974
388 0
389 0
390 48041
391 0
392 0
393 7663
394 0
395 0
396 53278
397 0
398 0
399 20542
400 0
401 0
402 6454
403 0
404 0
405 20497
406 0
407 0
408 16708
409 0
410 0
411 36418
412 0
413 0
414 1943
415 0
416 0
417 62907
418 0
419 0
420 39891
421 0
422 0
423 6702
424 0
425 0
426 15330
427 0
428 0
429 42450
430 0
431 0
432 57474
433 0
434 0
435 12575
436 0
437 0
438 15182
439 0
440 0
441 49668
442 0
443 0
444 45343
445 0
446 0
447 39240
448 0
449 0
450 43463
451 0
452 0
453 44936
454 0
455 0
456 8241
457 0
458 0
459 1722
460 0
461 0
462 2248
463 0
464 0
465 2835
466 0
467 0
468 38041
469 0
470 0
471 44198
472 0
473 0
474 28149
475 0
476 0
477 10660
478 0
479 0
480 2508
481 0
482 0
483 53356
484 0
485 0
486 44082
487 0
488 0
489 37586
490 0
491 0
492 60791
493 0
494 0
495 15008
496 0
497 0
498 17569
499 0
500 0
501 16756
502 0
503 0
504 16512
505 0
506 0
507 25527
508 0
509 0
510 42419
511 0
512 0
513 21465
514 0
515 0
516 20933
517 0
518 0
519 51944
520 0
521 0
522 29152
523 0
524 0
525 38550
526 0
527 0
528 29046
529 0
530 0
531 32379
532 0
533 0
534 63711
535 0
536 0
537 3759
538 0
539 0
540 59927
541 0
542 0
543 63147
544 0
545 0
546 4844
547 0
548 0
549 8914
550 0
551 0
552 58835
553 0
554 0
555 53923
556 0
557 0
558 55041
559 0
560 0
561 54588
562 0
563 0
564 43576
565 0
566 0
567 36896
568 0
569 0
570 57958
571 0
572 0
573 49354
574 0
575 0
576 10231
577 0
578 0
579 63276
580 0
581 0
582 5102
583 0
584 0
585 60337
586 0
587 0
588 23734
589 0
590 0
591 38758
592 0
593 0
594 7173
595 0
596 0
597 6105
598 0
599 0
600 4684
601 0
602 0
603 23164
604 0
605 0
606 34050
607 0
608 0
609 53578
610 0
611 0
612 8721
613 0
614 0
615 40626
616 0
617 0
618 33989
619 0
620 0
621 26579
622 0
623 0
624 8974
625 0
626 0
627 21804
628 0
629 0
630 6285
631 0
632 0
633 37886
634 0
635 0
636 22494
637 0
638 0
639 13162
640 0
641 0
642 3161
643 0
644 0
645 6614
646 0
647 0
648 10492
649 0
650 0
651 49029
652 0
653 0
654 1695
655 0
656 0
657 3467
658 0
659 0
660 25653
661 0
662 0
663 1882
664 0
665 0
666 50653
667 0
668 0
669 38708
670 0
671 0
672 38200
673 0
674 0
675 45980
676 0
677 0
678 32016
679 0
680 0
681 64427
682 0
683 0
684 62509
685 0
686 0
687 28339
688 0
689 0
690 23375
691 0
692 0
693 25295
694 0
695 0
696 9779
697 0
698 0
699 30856
700 0
701 0
702 19613
703 0
704 0
705 6051
706 0
707 0
708 44212
709 0
710 0
711 18115
712 0
713 0
714 33886
715 0
716 0
717 40196
718 0
719 0
720 2303
721 0
722 0
723 65206
724 0
725 0
726 21176
727 0
728 0
729 47761
730 0
731 0
732 37569
733 0
734 0
735 5351
736 0
737 0
738 49413
739 0
740 0
741 31341
742 0
743 0
744 4771
745 0
746 0
747 60788
748 0
749 0
750 16538
751 0
752 0
753 54971
754 0
755 0
756 31708
757 0
758 0
759 1768
760 0
761 0
762 56961
763 0
764 0
765 38020
766 0
767 0
768 50339
769 0
770 0
771 61857
772 0
773 0
774 360
775 0
776 0
777 56914
778 0
779 0
780 60362
781 0
782 0
783 35564
784 0
785 0
786 25326
787 0
788 0
789 62372
790 0
791 0
792 15608
793 0
794 0
795 64391
796 0
797 0
798 41588
799 0
800 0
801 64591
802 0
803 0
804 57523
805 0
806 0
807 16949
808 0
809 0
810 38427
811 0
812 0
813 18767
814 0
815 0
816 39567
817 0
818 0
819 36108
820 0
821 0
822 14671
823 0
824 0
825 64491
826 0
827 0
828 23981
829 0
830 0
831 62925
832 0
833 0
834 3277
835 0
836 0
837 10367
838 0
839 0
840 25683
841 0
842 0
843 16289
844 0
845 0
846 7224
847 0
848 0
849 40180
850 0
851 0
852 11057
853 0
854 0
855 44027
856 0
857 0
858 15636
859 0
860 0
861 61721
862 0
863 0
864 9549
865 0
866 0
867 8918
868 0
869 0
870 174
871 0
872 0
873 47245
874 0
875 0
876 60466
877 0
878 0
879 1209
880 0
881 0
882 52745
883 0
884 0
885 54443
886 0
887 0
888 48664
889 0
890 0
891 9437
892 0
893 0
894 42876
895 0
896 0
897 7888
898 0
899 0
900 52250
901 0
902 0
903 10737
904 0
905 0
906 24215
907 0
908 0
909 16030
910 0
911 0
912 60458
913 0
914 0
915 27971
916 0
917 0
918 23327
919 0
920 0
921 14458
922 0
923 0
924 44254
925 0
926 0
927 14610
928 0
929 0
930 20231
931 0
932 0
933 35123
934 0
935 0
936 28750
937 0
938 0
939 12632
940 0
941 0
942 49178
943 0
944 0
945 34859
946 0
947 0
948 24418
949 0
950 0
951 37352
952 0
953 0
954 49882
955 0
956 0
957 58109
958 0
959 0
960 54169
961 0
962 0
963 13126
964 0
965 0
966 1368
967 0
968 0
969 45859
970 0
971 0
972 4935
973 0
974 0
975 16421
976 0
977 0
978 16486
979 0
980 0
981 45158
982 0
983 0
984 52396
985 0
986 0
987 55193
988 0
989 0
990 39920
991 0
992 0
993 32821
994 0
995 0
996 55518
997 0
998 0
999 49841
1000 0
1001 0
1002 13783
1003 0
1004 0
1005 5101
1006 0
1007 0
1008 47569
1009 0
1010 0
1011 30580
1012 0
1013 0
1014 59064
1015 0
1016 0
1017 52613
1018 0
1019 0
1020 15206
1021 0
1022 0
1023 64455
1024 0
1025 0
1026 47186
1027 0
1028 0
1029 25456
1030 0
1031 0
1032 50745
1033 0
1034 0
1035 31671
1036 0
1037 0
1038 49658
1039 0
1040 0
1041 18800
1042 0
1043 0
1044 65022
1045 0
1046 0
1047 31570
1048 0
1049 0
1050 29462
1051 0
1052 0
1053 4889
1054 0
1055 0
1056 4051
1057 0
1058 0
1059 49079
1060 0
1061 0
1062 59709
1063 0
1064 0
1065 10771
1066 0
1067 0
1068 53712
1069 0
1070 0
1071 28986
1072 0
1073 0
1074 6180
1075 0
1076 0
1077 60876
1078 0
1079 0
1080 54770
1081 0
1082 0
1083 47125
1084 0
1085 0
1086 23927
1087 0
1088 0
1089 47830
1090 0
1091 0
1092 23822
1093 0
1094 0
1095 10628
1096 0
1097 0
1098 28078
1099 0
1100 0
1101 54115
1102 0
1103 0
1104 1204
1105 0
1106 0
1107 6628
1108 0
1109 0
1110 23167
1111 0
1112 0
1113 44925
1114 0
1115 0
1116 46601
1117 0
1118 0
1119 46353
1120 0
1121 0
1122 11139
1123 0
1124 0
1125 28901
1126 0
1127 0
1128 28764
1129 0
1130 0
1131 32233
1132 0
1133 0
1134 33692
1135 0
1136 0
1137 46444
1138 0
1139 0
1140 1014
1141 0
1142 0
1143 64947
1144 0
1145 0
1146 23709
1147 0
1148 0
1149 6922
1150 0
1151 0
1152 13854
1153 0
1154 0
1155 42541
1156 0
1157 0
1158 59845
1159 0
1160 0
1161 25672
1162 0
1163 0
1164 28841
1165 0
1166 0
1167 34120
1168 0
1169 0
1170 686
1171 0
1172 0
1173 59145
1174 0
1175 0
1176 47579
1177 0
1178 0
1179 7513
1180 0
1181 0
1182 5186
1183 0
1184 0
1185 39410
1186 0
1187 0
1188 43055
1189 0
1190 0
1191 22302
1192 0
1193 0
1194 43146
