0 1
1 0
2 0
3 1
4 0
5 0
6 6
7 0
8 0
9 81
10 0
11 0
12 1990
13 0
14 0
15 46543
16 0
17 0
18 23714
19 0
20 0
21 64539
22 0
23 0
24 65197
25 0
26 0
27 27695
28 0
29 0
30 36399
31 0
32 0
33 20370
34 0
35 0
36 37455
37 0
38 0
39 8260
40 0
41 0
42 52629
43 0
44 0
45 36026
46 0
47 0
48 38152
49 0
50 0
51 806
52 0
53 0
54 23916
55 0
56 0
57 48375
58 0
59 0
60 4425
61 0
62 0
63 36881
64 0
65 0
66 45185
67 0
68 0
69 48126
70 0
71 0
72 40604
73 0
74 0
75 326
76 0
77 0
78 58607
79 0
80 0
81 52914
82 0
83 0
84 59508
85 0
86 0
87 46434
88 0
89 0
90 58714
91 0
92 0
93 7827
94 0
95 0
96 4415
97 0
98 0
99 30392
100 0
101 0
102 51727
103 0
104 0
105 58071
106 0
107 0
108 27684
109 0
110 0
111 31108
112 0
113 0
114 54556
115 0
116 0
117 24747
118 0
119 0
120 13543
121 0
122 0
123 4974
124 0
125 0
126 43359
127 0
128 0
129 37087
130 0
131 0
132 62662
133 0
134 0
135 53551
136 0
137 0
138 10715
139 0
140 0
141 8265
142 0
143 0
144 2282
145 0
146 0
147 5009
148 0
149 0
150 41874
151 0
152 0
153 12234
154 0
155 0
156 6214
157 0
158 0
159 45036
160 0
161 0
162 8801
163 0
164 0
165 14678
166 0
167 0
168 645
169 0
170 0
171 52340
172 0
173 0
174 16803
175 0
176 0
177 2586
178 0
179 0
180 2049
181 0
182 0
183 29593
184 0
185 0
186 7977
187 0
188 0
189 51841
190 0
191 0
192 5902
193 0
194 0
195 16533
196 0
197 0
198 59136
199 0
200 0
201 51073
202 0
203 0
204 9904
205 0
206 0
207 54157
208 0
209 0
210 31638
211 0
212 0
213 48229
214 0
215 0
216 37232
217 0
218 0
219 23749
220 0
221 0
222 44414
223 0
224 0
225 44088
226 0
227 0
228 62283
229 0
230 0
231 43708
232 0
233 0
234 40415
235 0
236 0
237 36803
238 0
239 0
240 59614
241 0
242 0
243 44626
244 0
245 0
246 34450
247 0
248 0
249 9989
250 0
251 0
252 36513
253 0
254 0
255 33979
256 0
257 0
258 37518
259 0
260 0
261 20533
262 0
263 0
264 4542
265 0
266 0
267 19339
268 0
269 0
270 41856
271 0
272 0
273 48279
274 0
275 0
276 17087
277 0
278 0
279 43648
280 0
281 0
282 14528
283 0
284 0
285 7998
286 0
287 0
288 3246
289 0
290 0
291 53911
292 0
293 0
294 59608
295 0
296 0
297 49722
298 0
299 0
300 47236
301 0
302 0
303 11012
304 0
305 0
306 62281
307 0
308 0
309 1882
310 0
311 0
312 56374
313 0
314 0
315 49730
316 0
317 0
318 37446
319 0
320 0
321 33889
322 0
323 0
324 8287
325 0
326 0
327 22371
328 0
329 0
330 54526
331 0
332 0
333 24196
334 0
335 0
336 13194
337 0
338 0
339 34736
340 0
341 0
342 64990
343 0
344 0
345 10516
346 0
347 0
348 44064
349 0
350 0
351 48817
352 0
353 0
354 8622
355 0
356 0
357 11284
358 0
359 0
360 26172
361 0
362 0
363 35036
364 0
365 0
366 62833
367 0
368 0
369 27582
370 0
371 0
372 54029
373 0
374 0
375 41434
376 0
377 0
378 27779
379 0
380 0
381 38326
382 0
383 0
384 45756
385 0
386 0
387 10738
388 0
389 0
390 36535
391 0
392 0
393 63441
394 0
395 0
396 16842
397 0
398 0
399 64902
400 0
401 0
402 29484
403 0
404 0
405 39952
406 0
407 0
408 3974
409 0
410 0
411 43126
412 0
413 0
414 46136
415 0
416 0
417 39988
418 0
419 0
420 59761
421 0
422 0
423 26502
424 0
425 0
426 44765
427 0
428 0
429 48395
430 0
431 0
432 59599
433 0
434 0
435 61958
436 0
437 0
438 23325
439 0
440 0
441 53181
442 0
443 0
444 38265
445 0
446 0
447 52287
448 0
449 0
450 18583
451 0
452 0
453 64010
454 0
455 0
456 22862
457 0
458 0
459 54961
460 0
461 0
462 62182
463 0
464 0
465 31398
466 0
467 0
468 40964
469 0
470 0
471 64046
472 0
473 0
474 26743
475 0
476 0
477 44092
478 0
479 0
480 28572
481 0
482 0
483 6897
484 0
485 0
486 42220
487 0
488 0
489 37396
490 0
491 0
492 43554
493 0
494 0
495 42996
496 0
497 0
498 1389
499 0
500 0
501 58470
502 0
503 0
504 62252
505 0
506 0
507 13974
508 0
509 0
510 30987
511 0
512 0
513 5749
514 0
515 0
516 3798
517 0
518 0
519 3222
520 0
521 0
522 17805
523 0
524 0
525 59633
526 0
527 0
528 65319
529 0
530 0
531 25794
532 0
533 0
534 60320
535 0
536 0
537 16055
538 0
539 0
540 59579
541 0
542 0
543 23306
544 0
545 0
546 5380
547 0
548 0
549 53773
550 0
551 0
552 39783
553 0
554 0
555 35115
556 0
557 0
558 40316
559 0
560 0
561 43998
562 0
563 0
564 10582
565 0
566 0
567 15064
568 0
569 0
570 32845
571 0
572 0
573 11804
574 0
575 0
576 5581
577 0
578 0
579 22728
580 0
581 0
582 30081
583 0
584 0
585 22068
586 0
587 0
588 36145
589 0
590 0
591 27296
592 0
593 0
594 55118
595 0
596 0
597 4386
598 0
599 0
600 25008
601 0
602 0
603 34193
604 0
605 0
606 27436
607 0
608 0
609 24119
610 0
611 0
612 1228
613 0
614 0
615 37357
616 0
617 0
618 52438
619 0
620 0
621 37692
622 0
623 0
624 46936
625 0
626 0
627 32645
628 0
629 0
630 33945
631 0
632 0
633 21589
634 0
635 0
636 64988
637 0
638 0
639 35852
640 0
641 0
642 57430
643 0
644 0
645 40204
646 0
647 0
648 19736
649 0
650 0
651 32972
652 0
653 0
654 3754
655 0
656 0
657 19599
658 0
659 0
660 12788
661 0
662 0
663 6789
664 0
665 0
666 65153
667 0
668 0
669 13326
670 0
671 0
672 44930
673 0
674 0
675 10443
676 0
677 0
678 34641
679 0
680 0
681 21332
682 0
683 0
684 47534
685 0
686 0
687 53219
688 0
689 0
690 32414
691 0
692 0
693 14294
694 0
695 0
696 58524
697 0
698 0
699 60326
700 0
701 0
702 1519
703 0
704 0
705 61920
706 0
707 0
708 23941
709 0
710 0
711 34357
712 0
713 0
714 49881
715 0
716 0
717 17949
718 0
719 0
720 4649
721 0
722 0
723 45118
724 0
725 0
726 38235
727 0
728 0
729 61406
730 0
731 0
732 44642
733 0
734 0
735 27939
736 0
737 0
738 13018
739 0
740 0
741 26661
742 0
743 0
744 7805
745 0
746 0
747 64811
748 0
749 0
750 27188
751 0
752 0
753 21349
754 0
755 0
756 55714
757 0
758 0
759 36648
760 0
761 0
762 30653
763 0
764 0
765 1713
766 0
767 0
768 351
769 0
770 0
771 5609
772 0
773 0
774 47977
775 0
776 0
777 21037
778 0
779 0
780 37923
781 0
782 0
783 48794
784 0
785 0
786 56074
787 0
788 0
789 13270
790 0
791 0
792 14120
793 0
794 0
795 49303
796 0
797 0
798 57704
799 0
800 0
801 41976
802 0
803 0
804 33523
805 0
806 0
807 11484
808 0
809 0
810 27577
811 0
812 0
813 55574
814 0
815 0
816 30794
817 0
818 0
819 43858
820 0
821 0
822 5971
823 0
824 0
825 25806
826 0
827 0
828 12067
829 0
830 0
831 3565
832 0
833 0
834 13948
835 0
836 0
837 18998
838 0
839 0
840 33274
841 0
842 0
843 41088
844 0
845 0
846 16929
847 0
848 0
849 9178
850 0
851 0
852 63248
853 0
854 0
855 25805
856 0
857 0
858 37658
859 0
860 0
861 26199
862 0
863 0
864 11271
865 0
866 0
867 17966
868 0
869 0
870 35038
871 0
872 0
873 62501
874 0
875 0
876 42980
877 0
878 0
879 12377
880 0
881 0
882 45792
883 0
884 0
885 10082
886 0
887 0
888 17841
889 0
890 0
891 21313
892 0
893 0
894 55169
895 0
896 0
897 63646
898 0
899 0
900 748
901 0
902 0
903 5050
904 0
905 0
906 47792
907 0
908 0
909 7385
910 0
911 0
912 58388
913 0
914 0
915 12967
916 0
917 0
918 53433
919 0
920 0
921 33851
922 0
923 0
924 61157
925 0
926 0
927 35937
928 0
929 0
930 55472
931 0
932 0
933 18383
934 0
935 0
936 43910
937 0
938 0
939 54048
940 0
941 0
942 5097
943 0
944 0
945 35350
946 0
947 0
948 5341
949 0
950 0
951 26722
952 0
953 0
954 17325
955 0
956 0
957 57520
958 0
959 0
960 48703
961 0
962 0
963 11421
964 0
965 0
966 33675
967 0
968 0
969 40779
970 0
971 0
972 43421
973 0
974 0
975 59984
976 0
977 0
978 40099
979 0
980 0
981 46793
982 0
983 0
984 20186
985 0
986 0
987 55635
988 0
989 0
990 62837
991 0
992 0
993 15558
994 0
995 0
996 51195
997 0
998 0
999 18977
1000 0
1001 0
1002 40838
1003 0
1004 0
1005 57186
1006 0
1007 0
1008 48517
1009 0
1010 0
1011 4357
1012 0
1013 0
1014 61140
1015 0
1016 0
1017 29029
1018 0
1019 0
1020 29977
1021 0
1022 0
1023 64168
1024 0
1025 0
1026 9665
1027 0
1028 0
1029 51214
1030 0
1031 0
1032 20426
1033 0
1034 0
1035 851
1036 0
1037 0
1038 31198
1039 0
1040 0
1041 50121
1042 0
1043 0
1044 31835
1045 0
1046 0
1047 17476
1048 0
1049 0
1050 16151
1051 0
1052 0
1053 60190
1054 0
1055 0
1056 46576
1057 0
1058 0
1059 62463
1060 0
1061 0
1062 53264
1063 0
1064 0
1065 1126
1066 0
1067 0
1068 23194
1069 0
1070 0
1071 58167
1072 0
1073 0
1074 25471
1075 0
1076 0
1077 34997
1078 0
1079 0
1080 41482
1081 0
1082 0
1083 55236
1084 0
1085 0
1086 56358
1087 0
1088 0
1089 8943
1090 0
1091 0
1092 36221
1093 0
1094 0
1095 59026
1096 0
1097 0
1098 25826
1099 0
1100 0
1101 11535
1102 0
1103 0
1104 38176
1105 0
1106 0
1107 52497
1108 0
1109 0
1110 31747
1111 0
1112 0
1113 59847
1114 0
1115 0
1116 32222
1117 0
1118 0
1119 8403
1120 0
1121 0
1122 5835
1123 0
1124 0
1125 14424
1126 0
1127 0
1128 2794
1129 0
1130 0
1131 8407
1132 0
1133 0
1134 30854
1135 0
1136 0
1137 1159
1138 0
1139 0
1140 36816
1141 0
1142 0
1143 14727
1144 0
1145 0
1146 56110
1147 0
1148 0
1149 1427
1150 0
1151 0
1152 23897
1153 0
1154 0
1155 17266
1156 0
1157 0
1158 4907
1159 0
1160 0
1161 64986
1162 0
1163 0
1164 39620
1165 0
1166 0
1167 24521
1168 0
1169 0
1170 14583
1171 0
1172 0
1173 25770
1174 0
1175 0
1176 13018
1177 0
1178 0
1179 10964
1180 0
1181 0
1182 11416
1183 0
1184 0
1185 41558
1186 0
1187 0
1188 18661
1189 0
1190 0
1191 39707
1192 0
1193 0
1194 42073
