0 1
1 0
2 0
3 1
4 0
5 0
6 6
7 0
8 0
9 81
10 0
11 0
12 1990
13 0
14 0
15 46543
16 0
17 0
18 22986
19 0
20 0
21 53339
22 0
23 0
24 56911
25 0
26 0
27 14557
28 0
29 0
30 52391
31 0
32 0
33 35164
34 0
35 0
36 32543
37 0
38 0
39 11062
40 0
41 0
42 61915
43 0
44 0
45 14895
46 0
47 0
48 6864
49 0
50 0
51 64888
52 0
53 0
54 46105
55 0
56 0
57 54661
58 0
59 0
60 25897
61 0
62 0
63 62600
64 0
65 0
66 49985
67 0
68 0
69 23988
70 0
71 0
72 51367
73 0
74 0
75 38718
76 0
77 0
78 48585
79 0
80 0
81 53319
82 0
83 0
84 1308
85 0
86 0
87 46125
88 0
89 0
90 63564
91 0
92 0
93 32672
94 0
95 0
96 41380
97 0
98 0
99 9540
100 0
101 0
102 63012
103 0
104 0
105 31909
106 0
107 0
108 8106
109 0
110 0
111 64287
112 0
113 0
114 64024
115 0
116 0
117 32819
118 0
119 0
120 20721
121 0
122 0
123 38434
124 0
125 0
126 25474
127 0
128 0
129 17224
130 0
131 0
132 56386
133 0
134 0
135 36822
136 0
137 0
138 39870
139 0
140 0
141 2136
142 0
143 0
144 1764
145 0
146 0
147 53759
148 0
149 0
150 39815
151 0
152 0
153 52855
154 0
155 0
156 27392
157 0
158 0
159 14276
160 0
161 0
162 25961
163 0
164 0
165 17829
166 0
167 0
168 54329
169 0
170 0
171 64132
172 0
173 0
174 37298
175 0
176 0
177 56284
178 0
179 0
180 52726
181 0
182 0
183 48887
184 0
185 0
186 58098
187 0
188 0
189 46781
190 0
191 0
192 35536
193 0
194 0
195 62037
196 0
197 0
198 52990
199 0
200 0
201 39575
202 0
203 0
204 43052
205 0
206 0
207 19257
208 0
209 0
210 15303
211 0
212 0
213 23102
214 0
215 0
216 27788
217 0
218 0
219 16973
220 0
221 0
222 54622
223 0
224 0
225 28480
226 0
227 0
228 1728
229 0
230 0
231 10106
232 0
233 0
234 708
235 0
236 0
237 50705
238 0
239 0
240 57659
241 0
242 0
243 37798
244 0
245 0
246 56848
247 0
248 0
249 15202
250 0
251 0
252 53167
253 0
254 0
255 46783
256 0
257 0
258 51053
259 0
260 0
261 44444
262 0
263 0
264 47955
265 0
266 0
267 12437
268 0
269 0
270 15856
271 0
272 0
273 58344
274 0
275 0
276 25396
277 0
278 0
279 43596
280 0
281 0
282 61447
283 0
284 0
285 22988
286 0
287 0
288 42620
289 0
290 0
291 31729
292 0
293 0
294 57492
295 0
296 0
297 12516
298 0
299 0
300 33872
301 0
302 0
303 18635
304 0
305 0
306 27498
307 0
308 0
309 19191
310 0
311 0
312 17904
313 0
314 0
315 48373
316 0
317 0
318 29329
319 0
320 0
321 8265
322 0
323 0
324 55216
325 0
326 0
327 56553
328 0
329 0
330 3396
331 0
332 0
333 19670
334 0
335 0
336 1765
337 0
338 0
339 25832
340 0
341 0
342 46024
343 0
344 0
345 49308
346 0
347 0
348 20956
349 0
350 0
351 52208
352 0
353 0
354 3956
355 0
356 0
357 42900
358 0
359 0
360 62280
361 0
362 0
363 43046
364 0
365 0
366 34388
367 0
368 0
369 40325
370 0
371 0
372 13757
373 0
374 0
375 28040
376 0
377 0
378 41688
379 0
380 0
381 62947
382 0
383 0
384 5674
385 0
386 0
387 8402
388 0
389 0
390 54451
391 0
392 0
393 12409
394 0
395 0
396 41415
397 0
398 0
399 28780
400 0
401 0
402 10227
403 0
404 0
405 12175
406 0
407 0
408 39168
409 0
410 0
411 34576
412 0
413 0
414 13459
415 0
416 0
417 42750
418 0
419 0
420 12726
421 0
422 0
423 18057
424 0
425 0
426 61331
427 0
428 0
429 44450
430 0
431 0
432 47463
433 0
434 0
435 56734
436 0
437 0
438 58823
439 0
440 0
441 10572
442 0
443 0
444 7652
445 0
446 0
447 34717
448 0
449 0
450 27000
451 0
452 0
453 24622
454 0
455 0
456 18883
457 0
458 0
459 42037
460 0
461 0
462 3371
463 0
464 0
465 54507
466 0
467 0
468 46597
469 0
470 0
471 46372
472 0
473 0
474 21120
475 0
476 0
477 52982
478 0
479 0
480 62319
481 0
482 0
483 61958
484 0
485 0
486 7466
487 0
488 0
489 13989
490 0
491 0
492 60991
493 0
494 0
495 33782
496 0
497 0
498 55989
499 0
500 0
501 21581
502 0
503 0
504 1519
505 0
506 0
507 23721
508 0
509 0
510 48765
511 0
512 0
513 60921
514 0
515 0
516 37523
517 0
518 0
519 43588
520 0
521 0
522 7046
523 0
524 0
525 64733
526 0
527 0
528 213
529 0
530 0
531 37755
532 0
533 0
534 39470
535 0
536 0
537 49776
538 0
539 0
540 60287
541 0
542 0
543 39904
544 0
545 0
546 52227
547 0
548 0
549 12014
550 0
551 0
552 52812
553 0
554 0
555 31326
556 0
557 0
558 59924
559 0
560 0
561 18748
562 0
563 0
564 51920
565 0
566 0
567 37934
568 0
569 0
570 9091
571 0
572 0
573 40457
574 0
575 0
576 13896
577 0
578 0
579 52219
580 0
581 0
582 32771
583 0
584 0
585 25490
586 0
587 0
588 51870
589 0
590 0
591 20467
592 0
593 0
594 2810
595 0
596 0
597 53355
598 0
599 0
600 38277
601 0
602 0
603 4283
604 0
605 0
606 11548
607 0
608 0
609 60216
610 0
611 0
612 53355
613 0
614 0
615 15309
616 0
617 0
618 45752
619 0
620 0
621 653
622 0
623 0
624 54535
625 0
626 0
627 39427
628 0
629 0
630 17691
631 0
632 0
633 39395
634 0
635 0
636 22692
637 0
638 0
639 58869
640 0
641 0
642 22471
643 0
644 0
645 12572
646 0
647 0
648 47699
649 0
650 0
651 42120
652 0
653 0
654 12497
655 0
656 0
657 58080
658 0
659 0
660 41120
661 0
662 0
663 50708
664 0
665 0
666 62496
667 0
668 0
669 22500
670 0
671 0
672 53148
673 0
674 0
675 48284
676 0
677 0
678 58429
679 0
680 0
681 45503
682 0
683 0
684 52288
685 0
686 0
687 18222
688 0
689 0
690 57300
691 0
692 0
693 10121
694 0
695 0
696 39439
697 0
698 0
699 24956
700 0
701 0
702 58581
703 0
704 0
705 4013
706 0
707 0
708 29854
709 0
710 0
711 46562
712 0
713 0
714 9045
715 0
716 0
717 13145
718 0
719 0
720 30105
721 0
722 0
723 37075
724 0
725 0
726 5353
727 0
728 0
729 7144
730 0
731 0
732 45491
733 0
734 0
735 4391
736 0
737 0
738 30618
739 0
740 0
741 6853
742 0
743 0
744 15671
745 0
746 0
747 16324
748 0
749 0
750 45889
751 0
752 0
753 16829
754 0
755 0
756 43100
757 0
758 0
759 26300
760 0
761 0
762 17010
763 0
764 0
765 539
766 0
767 0
768 40828
769 0
770 0
771 14798
772 0
773 0
774 23845
775 0
776 0
777 43645
778 0
779 0
780 13106
781 0
782 0
783 61119
784 0
785 0
786 45357
787 0
788 0
789 12302
790 0
791 0
792 32468
793 0
794 0
795 15861
796 0
797 0
798 53367
799 0
800 0
801 44199
802 0
803 0
804 2537
805 0
806 0
807 59393
808 0
809 0
810 26628
811 0
812 0
813 59566
814 0
815 0
816 33414
817 0
818 0
819 9988
820 0
821 0
822 47465
823 0
824 0
825 30655
826 0
827 0
828 46254
829 0
830 0
831 48487
832 0
833 0
834 7527
835 0
836 0
837 18785
838 0
839 0
840 56175
841 0
842 0
843 157
844 0
845 0
846 49532
847 0
848 0
849 45128
850 0
851 0
852 19933
853 0
854 0
855 13152
856 0
857 0
858 20614
859 0
860 0
861 33882
862 0
863 0
864 40611
865 0
866 0
867 24503
868 0
869 0
870 21957
871 0
872 0
873 56104
874 0
875 0
876 64160
877 0
878 0
879 15785
880 0
881 0
882 51298
883 0
884 0
885 28599
886 0
887 0
888 26284
889 0
890 0
891 57465
892 0
893 0
894 13389
895 0
896 0
897 45226
898 0
899 0
900 9153
901 0
902 0
903 36784
904 0
905 0
906 2682
907 0
908 0
909 65058
910 0
911 0
912 54551
913 0
914 0
915 59416
916 0
917 0
918 45796
919 0
920 0
921 61
922 0
923 0
924 48810
925 0
926 0
927 27595
928 0
929 0
930 52656
931 0
932 0
933 47978
934 0
935 0
936 19571
937 0
938 0
939 33732
940 0
941 0
942 12283
943 0
944 0
945 40412
946 0
947 0
948 54993
949 0
950 0
951 57090
952 0
953 0
954 51944
955 0
956 0
957 19186
958 0
959 0
960 17202
961 0
962 0
963 6082
964 0
965 0
966 6715
967 0
968 0
969 13827
970 0
971 0
972 4469
973 0
974 0
975 32839
976 0
977 0
978 56735
979 0
980 0
981 25327
982 0
983 0
984 6230
985 0
986 0
987 1768
988 0
989 0
990 26489
991 0
992 0
993 53015
994 0
995 0
996 58186
997 0
998 0
999 23363
1000 0
1001 0
1002 45300
1003 0
1004 0
1005 49723
1006 0
1007 0
1008 33354
1009 0
1010 0
1011 18683
1012 0
1013 0
1014 29078
1015 0
1016 0
1017 34711
1018 0
1019 0
1020 28589
1021 0
1022 0
1023 3557
1024 0
1025 0
1026 52897
1027 0
1028 0
1029 39788
1030 0
1031 0
1032 58937
1033 0
1034 0
1035 27092
1036 0
1037 0
1038 60979
1039 0
1040 0
1041 58365
1042 0
1043 0
1044 40210
1045 0
1046 0
1047 24953
1048 0
1049 0
1050 41584
1051 0
1052 0
1053 48466
1054 0
1055 0
1056 28907
1057 0
1058 0
1059 18980
1060 0
1061 0
1062 44189
1063 0
1064 0
1065 1335
1066 0
1067 0
1068 44493
1069 0
1070 0
1071 59273
1072 0
1073 0
1074 2032
1075 0
1076 0
1077 34528
1078 0
1079 0
1080 16909
1081 0
1082 0
1083 48865
1084 0
1085 0
1086 47426
1087 0
1088 0
1089 48554
1090 0
1091 0
1092 10333
1093 0
1094 0
1095 4548
1096 0
1097 0
1098 35732
1099 0
1100 0
1101 25295
1102 0
1103 0
1104 25392
1105 0
1106 0
1107 59834
1108 0
1109 0
1110 33089
1111 0
1112 0
1113 3086
1114 0
1115 0
1116 48686
1117 0
1118 0
1119 52171
1120 0
1121 0
1122 42426
1123 0
1124 0
1125 51506
1126 0
1127 0
1128 37095
1129 0
1130 0
1131 1719
1132 0
1133 0
1134 32700
1135 0
1136 0
1137 54316
1138 0
1139 0
1140 54587
1141 0
1142 0
1143 4150
1144 0
1145 0
1146 57010
1147 0
1148 0
1149 15648
1150 0
1151 0
1152 20895
1153 0
1154 0
1155 47571
1156 0
1157 0
1158 36908
1159 0
1160 0
1161 22819
1162 0
1163 0
1164 17959
1165 0
1166 0
1167 40186
1168 0
1169 0
1170 45808
1171 0
1172 0
1173 38657
1174 0
1175 0
1176 21304
1177 0
1178 0
1179 26261
1180 0
1181 0
1182 27517
1183 0
1184 0
1185 58834
1186 0
1187 0
1188 8032
1189 0
1190 0
1191 30905
1192 0
1193 0
1194 290
