0 1
1 0
2 0
3 1
4 0
5 0
6 6
7 0
8 0
9 81
10 0
11 0
12 1990
13 0
14 0
15 46543
16 0
17 0
18 22206
19 0
20 0
21 41339
22 0
23 0
24 38925
25 0
26 0
27 31285
28 0
29 0
30 10172
31 0
32 0
33 3863
34 0
35 0
36 22555
37 0
38 0
39 56495
40 0
41 0
42 23173
43 0
44 0
45 21880
46 0
47 0
48 63351
49 0
50 0
51 58616
52 0
53 0
54 20256
55 0
56 0
57 30802
58 0
59 0
60 11925
61 0
62 0
63 10277
64 0
65 0
66 17506
67 0
68 0
69 44672
70 0
71 0
72 5766
73 0
74 0
75 27574
76 0
77 0
78 34126
79 0
80 0
81 60642
82 0
83 0
84 33554
85 0
86 0
87 53520
88 0
89 0
90 3109
91 0
92 0
93 15523
94 0
95 0
96 14867
97 0
98 0
99 60860
100 0
101 0
102 61575
103 0
104 0
105 38015
106 0
107 0
108 47117
109 0
110 0
111 62905
112 0
113 0
114 55022
115 0
116 0
117 3744
118 0
119 0
120 20670
121 0
122 0
123 17382
124 0
125 0
126 12738
127 0
128 0
129 37349
130 0
131 0
132 60576
133 0
134 0
135 36934
136 0
137 0
138 40334
139 0
140 0
141 1856
142 0
143 0
144 61993
145 0
146 0
147 12415
148 0
149 0
150 31244
151 0
152 0
153 40759
154 0
155 0
156 851
157 0
158 0
159 21994
160 0
161 0
162 4412
163 0
164 0
165 61845
166 0
167 0
168 3615
169 0
170 0
171 44852
172 0
173 0
174 44352
175 0
176 0
177 39279
178 0
179 0
180 39098
181 0
182 0
183 51882
184 0
185 0
186 43656
187 0
188 0
189 560
190 0
191 0
192 30136
193 0
194 0
195 51684
196 0
197 0
198 11872
199 0
200 0
201 64963
202 0
203 0
204 31429
205 0
206 0
207 1545
208 0
209 0
210 26954
211 0
212 0
213 8794
214 0
215 0
216 12318
217 0
218 0
219 11055
220 0
221 0
222 9351
223 0
224 0
225 40830
226 0
227 0
228 24038
229 0
230 0
231 37073
232 0
233 0
234 57161
235 0
236 0
237 29245
238 0
239 0
240 33095
241 0
242 0
243 42254
244 0
245 0
246 61121
247 0
248 0
249 9194
250 0
251 0
252 36997
253 0
254 0
255 17626
256 0
257 0
258 43080
259 0
260 0
261 50907
262 0
263 0
264 55385
265 0
266 0
267 26926
268 0
269 0
270 2653
271 0
272 0
273 20664
274 0
275 0
276 47542
277 0
278 0
279 51109
280 0
281 0
282 50162
283 0
284 0
285 51518
286 0
287 0
288 48952
289 0
290 0
291 62930
292 0
293 0
294 59917
295 0
296 0
297 37804
298 0
299 0
300 21685
301 0
302 0
303 46301
304 0
305 0
306 14510
307 0
308 0
309 58801
310 0
311 0
312 29525
313 0
314 0
315 27874
316 0
317 0
318 9931
319 0
320 0
321 22019
322 0
323 0
324 9097
325 0
326 0
327 60847
328 0
329 0
330 63451
331 0
332 0
333 38523
334 0
335 0
336 9454
337 0
338 0
339 32833
340 0
341 0
342 7938
343 0
344 0
345 35455
346 0
347 0
348 51532
349 0
350 0
351 37201
352 0
353 0
354 48113
355 0
356 0
357 11996
358 0
359 0
360 34539
361 0
362 0
363 27495
364 0
365 0
366 40242
367 0
368 0
369 25748
370 0
371 0
372 36981
373 0
374 0
375 60024
376 0
377 0
378 65042
379 0
380 0
381 13806
382 0
383 0
384 32376
385 0
386 0
387 45176
388 0
389 0
390 52503
391 0
392 0
393 18109
394 0
395 0
396 29201
397 0
398 0
399 60353
400 0
401 0
402 43960
403 0
404 0
405 31938
406 0
407 0
408 34333
409 0
410 0
411 8871
412 0
413 0
414 18044
415 0
416 0
417 42761
418 0
419 0
420 7187
421 0
422 0
423 26512
424 0
425 0
426 7123
427 0
428 0
429 65003
430 0
431 0
432 61448
433 0
434 0
435 39543
436 0
437 0
438 52692
439 0
440 0
441 48559
442 0
443 0
444 43419
445 0
446 0
447 43415
448 0
449 0
450 98
451 0
452 0
453 24657
454 0
455 0
456 2989
457 0
458 0
459 37706
460 0
461 0
462 48861
463 0
464 0
465 37384
466 0
467 0
468 48472
469 0
470 0
471 33099
472 0
473 0
474 9247
475 0
476 0
477 23506
478 0
479 0
480 15647
481 0
482 0
483 41762
484 0
485 0
486 41056
487 0
488 0
489 56193
490 0
491 0
492 13765
493 0
494 0
495 23359
496 0
497 0
498 50157
499 0
500 0
501 23733
502 0
503 0
504 4481
505 0
506 0
507 32804
508 0
509 0
510 51318
511 0
512 0
513 13586
514 0
515 0
516 54270
517 0
518 0
519 3876
520 0
521 0
522 62285
523 0
524 0
525 34489
526 0
527 0
528 37931
529 0
530 0
531 53815
532 0
533 0
534 18740
535 0
536 0
537 21055
538 0
539 0
540 45986
541 0
542 0
543 56656
544 0
545 0
546 18109
547 0
548 0
549 57834
550 0
551 0
552 39787
553 0
554 0
555 60069
556 0
557 0
558 55613
559 0
560 0
561 19286
562 0
563 0
564 48789
565 0
566 0
567 38506
568 0
569 0
570 46049
571 0
572 0
573 26782
574 0
575 0
576 40699
577 0
578 0
579 2509
580 0
581 0
582 18407
583 0
584 0
585 65219
586 0
587 0
588 24973
589 0
590 0
591 34875
592 0
593 0
594 26215
595 0
596 0
597 16595
598 0
599 0
600 30155
601 0
602 0
603 36326
604 0
605 0
606 44283
607 0
608 0
609 38820
610 0
611 0
612 51552
613 0
614 0
615 36655
616 0
617 0
618 48645
619 0
620 0
621 34981
622 0
623 0
624 29605
625 0
626 0
627 64036
628 0
629 0
630 48491
631 0
632 0
633 2949
634 0
635 0
636 62184
637 0
638 0
639 36614
640 0
641 0
642 62597
643 0
644 0
645 15095
646 0
647 0
648 14643
649 0
650 0
651 28786
652 0
653 0
654 26952
655 0
656 0
657 55361
658 0
659 0
660 54089
661 0
662 0
663 48497
664 0
665 0
666 51347
667 0
668 0
669 8020
670 0
671 0
672 26870
673 0
674 0
675 18190
676 0
677 0
678 8038
679 0
680 0
681 3329
682 0
683 0
684 3325
685 0
686 0
687 22454
688 0
689 0
690 19320
691 0
692 0
693 47272
694 0
695 0
696 19767
697 0
698 0
699 19023
700 0
701 0
702 46398
703 0
704 0
705 39659
706 0
707 0
708 30996
709 0
710 0
711 35628
712 0
713 0
714 10837
715 0
716 0
717 16368
718 0
719 0
720 51196
721 0
722 0
723 12295
724 0
725 0
726 50779
727 0
728 0
729 30633
730 0
731 0
732 26298
733 0
734 0
735 60687
736 0
737 0
738 11422
739 0
740 0
741 15331
742 0
743 0
744 31936
745 0
746 0
747 31568
748 0
749 0
750 45169
751 0
752 0
753 2324
754 0
755 0
756 50676
757 0
758 0
759 846
760 0
761 0
762 12255
763 0
764 0
765 9785
766 0
767 0
768 59296
769 0
770 0
771 41685
772 0
773 0
774 32633
775 0
776 0
777 13097
778 0
779 0
780 9041
781 0
782 0
783 28479
784 0
785 0
786 56535
787 0
788 0
789 45150
790 0
791 0
792 48476
793 0
794 0
795 26549
796 0
797 0
798 11441
799 0
800 0
801 41474
802 0
803 0
804 41788
805 0
806 0
807 34476
808 0
809 0
810 18236
811 0
812 0
813 32178
814 0
815 0
816 27113
817 0
818 0
819 56381
820 0
821 0
822 50632
823 0
824 0
825 44560
826 0
827 0
828 4903
829 0
830 0
831 61201
832 0
833 0
834 40632
835 0
836 0
837 41177
838 0
839 0
840 28014
841 0
842 0
843 50572
844 0
845 0
846 50133
847 0
848 0
849 40569
850 0
851 0
852 20791
853 0
854 0
855 35669
856 0
857 0
858 64743
859 0
860 0
861 57906
862 0
863 0
864 13351
865 0
866 0
867 26060
868 0
869 0
870 9474
871 0
872 0
873 30045
874 0
875 0
876 43522
877 0
878 0
879 39357
880 0
881 0
882 17909
883 0
884 0
885 37603
886 0
887 0
888 23180
889 0
890 0
891 8988
892 0
893 0
894 31070
895 0
896 0
897 46155
898 0
899 0
900 13939
901 0
902 0
903 12353
904 0
905 0
906 48392
907 0
908 0
909 9019
910 0
911 0
912 18261
913 0
914 0
915 49658
916 0
917 0
918 40332
919 0
920 0
921 58360
922 0
923 0
924 42674
925 0
926 0
927 7776
928 0
929 0
930 6423
931 0
932 0
933 30100
934 0
935 0
936 41023
937 0
938 0
939 13564
940 0
941 0
942 56446
943 0
944 0
945 43565
946 0
947 0
948 61223
949 0
950 0
951 13113
952 0
953 0
954 4809
955 0
956 0
957 44237
958 0
959 0
960 54784
961 0
962 0
963 23412
964 0
965 0
966 22610
967 0
968 0
969 12826
970 0
971 0
972 22293
973 0
974 0
975 6458
976 0
977 0
978 57299
979 0
980 0
981 28444
982 0
983 0
984 65275
985 0
986 0
987 9564
988 0
989 0
990 32479
991 0
992 0
993 24973
994 0
995 0
996 12464
997 0
998 0
999 5160
1000 0
1001 0
1002 48565
1003 0
1004 0
1005 65322
1006 0
1007 0
1008 14948
1009 0
1010 0
1011 30986
1012 0
1013 0
1014 54668
1015 0
1016 0
1017 1758
1018 0
1019 0
1020 31436
1021 0
1022 0
1023 49217
1024 0
1025 0
1026 51283
1027 0
1028 0
1029 59972
1030 0
1031 0
1032 430
1033 0
1034 0
1035 50775
1036 0
1037 0
1038 12017
1039 0
1040 0
1041 33817
1042 0
1043 0
1044 49359
1045 0
1046 0
1047 46895
1048 0
1049 0
1050 55246
1051 0
1052 0
1053 4464
1054 0
1055 0
1056 32435
1057 0
1058 0
1059 59918
1060 0
1061 0
1062 39628
1063 0
1064 0
1065 54603
1066 0
1067 0
1068 14202
1069 0
1070 0
1071 56340
1072 0
1073 0
1074 19136
1075 0
1076 0
1077 53489
1078 0
1079 0
1080 33682
1081 0
1082 0
1083 34657
1084 0
1085 0
1086 57965
1087 0
1088 0
1089 1024
1090 0
1091 0
1092 59669
1093 0
1094 0
1095 37365
1096 0
1097 0
1098 59753
1099 0
1100 0
1101 59016
1102 0
1103 0
1104 56240
1105 0
1106 0
1107 5593
1108 0
1109 0
1110 22174
1111 0
1112 0
1113 58018
1114 0
1115 0
1116 44428
1117 0
1118 0
1119 41158
1120 0
1121 0
1122 53530
1123 0
1124 0
1125 37630
1126 0
1127 0
1128 60704
1129 0
1130 0
1131 31137
1132 0
1133 0
1134 19622
1135 0
1136 0
1137 40636
1138 0
1139 0
1140 11493
1141 0
1142 0
1143 19769
1144 0
1145 0
1146 32363
1147 0
1148 0
1149 49628
1150 0
1151 0
1152 56102
1153 0
1154 0
1155 6309
1156 0
1157 0
1158 36468
1159 0
1160 0
1161 21016
1162 0
1163 0
1164 37862
1165 0
1166 0
1167 55067
1168 0
1169 0
1170 33180
1171 0
1172 0
1173 9541
1174 0
1175 0
1176 43030
1177 0
1178 0
1179 5379
1180 0
1181 0
1182 51135
1183 0
1184 0
1185 11598
1186 0
1187 0
1188 29089
1189 0
1190 0
1191 48337
1192 0
1193 0
1194 18210
