0 1
1 0
2 0
3 1
4 0
5 0
6 6
7 0
8 0
9 81
10 0
11 0
12 1990
13 0
14 0
15 46543
16 0
17 0
18 23376
19 0
20 0
21 59339
22 0
23 0
24 587
25 0
26 0
27 7273
28 0
29 0
30 50382
31 0
32 0
33 28619
34 0
35 0
36 48701
37 0
38 0
39 13290
40 0
41 0
42 38709
43 0
44 0
45 19031
46 0
47 0
48 14733
49 0
50 0
51 32739
52 0
53 0
54 6851
55 0
56 0
57 3204
58 0
59 0
60 15449
61 0
62 0
63 62574
64 0
65 0
66 2089
67 0
68 0
69 47353
70 0
71 0
72 6589
73 0
74 0
75 10006
76 0
77 0
78 12632
79 0
80 0
81 64781
82 0
83 0
84 20241
85 0
86 0
87 3987
88 0
89 0
90 1339
91 0
92 0
93 61283
94 0
95 0
96 20097
97 0
98 0
99 31236
100 0
101 0
102 47673
103 0
104 0
105 12527
106 0
107 0
108 61706
109 0
110 0
111 18222
112 0
113 0
114 56660
115 0
116 0
117 50305
118 0
119 0
120 1952
121 0
122 0
123 38696
124 0
125 0
126 54020
127 0
128 0
129 52882
130 0
131 0
132 19310
133 0
134 0
135 13865
136 0
137 0
138 26094
139 0
140 0
141 33663
142 0
143 0
144 41261
145 0
146 0
147 24555
148 0
149 0
150 46077
151 0
152 0
153 59545
154 0
155 0
156 43480
157 0
158 0
159 61415
160 0
161 0
162 63472
163 0
164 0
165 11157
166 0
167 0
168 33413
169 0
170 0
171 47090
172 0
173 0
174 17857
175 0
176 0
177 22359
178 0
179 0
180 59615
181 0
182 0
183 16869
184 0
185 0
186 25823
187 0
188 0
189 51123
190 0
191 0
192 61082
193 0
194 0
195 30925
196 0
197 0
198 54290
199 0
200 0
201 31282
202 0
203 0
204 64311
205 0
206 0
207 22182
208 0
209 0
210 64994
211 0
212 0
213 34161
214 0
215 0
216 51437
217 0
218 0
219 22853
220 0
221 0
222 17575
223 0
224 0
225 52968
226 0
227 0
228 2399
229 0
230 0
231 14243
232 0
233 0
234 33392
235 0
236 0
237 55832
238 0
239 0
240 48072
241 0
242 0
243 63960
244 0
245 0
246 38625
247 0
248 0
249 18337
250 0
251 0
252 61243
253 0
254 0
255 16990
256 0
257 0
258 20982
259 0
260 0
261 63345
262 0
263 0
264 9368
265 0
266 0
267 55840
268 0
269 0
270 54617
271 0
272 0
273 51536
274 0
275 0
276 57581
277 0
278 0
279 31369
280 0
281 0
282 44222
283 0
284 0
285 12745
286 0
287 0
288 3665
289 0
290 0
291 62448
292 0
293 0
294 42685
295 0
296 0
297 8434
298 0
299 0
300 61653
301 0
302 0
303 4211
304 0
305 0
306 30560
307 0
308 0
309 37521
310 0
311 0
312 20803
313 0
314 0
315 31757
316 0
317 0
318 2912
319 0
320 0
321 63205
322 0
323 0
324 12862
325 0
326 0
327 25924
328 0
329 0
330 55543
331 0
332 0
333 20521
334 0
335 0
336 51328
337 0
338 0
339 3098
340 0
341 0
342 24663
343 0
344 0
345 36734
346 0
347 0
348 49421
349 0
350 0
351 37977
352 0
353 0
354 4299
355 0
356 0
357 26924
358 0
359 0
360 60531
361 0
362 0
363 49159
364 0
365 0
366 9026
367 0
368 0
369 18755
370 0
371 0
372 64364
373 0
374 0
375 39524
376 0
377 0
378 3831
379 0
380 0
381 41529
382 0
383 0
384 43586
385 0
386 0
387 58144
388 0
389 0
390 20246
391 0
392 0
393 48054
394 0
395 0
396 36075
397 0
398 0
399 51746
400 0
401 0
402 39294
403 0
404 0
405 64023
406 0
407 0
408 8021
409 0
410 0
411 51514
412 0
413 0
414 14396
415 0
416 0
417 30455
418 0
419 0
420 2592
421 0
422 0
423 15304
424 0
425 0
426 44131
427 0
428 0
429 16992
430 0
431 0
432 19563
433 0
434 0
435 1703
436 0
437 0
438 17115
439 0
440 0
441 1045
442 0
443 0
444 1833
445 0
446 0
447 22450
448 0
449 0
450 30226
451 0
452 0
453 28926
454 0
455 0
456 585
457 0
458 0
459 36538
460 0
461 0
462 60507
463 0
464 0
465 37023
466 0
467 0
468 27262
469 0
470 0
471 30497
472 0
473 0
474 21120
475 0
476 0
477 57500
478 0
479 0
480 36829
481 0
482 0
483 11253
484 0
485 0
486 53612
487 0
488 0
489 37599
490 0
491 0
492 21269
493 0
494 0
495 56939
496 0
497 0
498 24895
499 0
500 0
501 57435
502 0
503 0
504 15187
505 0
506 0
507 20250
508 0
509 0
510 17240
511 0
512 0
513 61191
514 0
515 0
516 63587
517 0
518 0
519 52230
520 0
521 0
522 44038
523 0
524 0
525 19717
526 0
527 0
528 53739
529 0
530 0
531 39267
532 0
533 0
534 22628
535 0
536 0
537 49345
538 0
539 0
540 54433
541 0
542 0
543 35996
544 0
545 0
546 54321
547 0
548 0
549 1113
550 0
551 0
552 56584
553 0
554 0
555 50657
556 0
557 0
558 18020
559 0
560 0
561 35052
562 0
563 0
564 5945
565 0
566 0
567 48744
568 0
569 0
570 63907
571 0
572 0
573 22207
574 0
575 0
576 7490
577 0
578 0
579 31503
580 0
581 0
582 29731
583 0
584 0
585 15688
586 0
587 0
588 24901
589 0
590 0
591 6061
592 0
593 0
594 6942
595 0
596 0
597 19808
598 0
599 0
600 20194
601 0
602 0
603 40840
604 0
605 0
606 7072
607 0
608 0
609 749
610 0
611 0
612 27386
613 0
614 0
615 62628
616 0
617 0
618 57404
619 0
620 0
621 14781
622 0
623 0
624 371
625 0
626 0
627 20845
628 0
629 0
630 62653
631 0
632 0
633 41107
634 0
635 0
636 10090
637 0
638 0
639 10217
640 0
641 0
642 17135
643 0
644 0
645 5005
646 0
647 0
648 46558
649 0
650 0
651 9154
652 0
653 0
654 44855
655 0
656 0
657 44083
658 0
659 0
660 62759
661 0
662 0
663 64666
664 0
665 0
666 42903
667 0
668 0
669 46449
670 0
671 0
672 29945
673 0
674 0
675 25839
676 0
677 0
678 52893
679 0
680 0
681 53562
682 0
683 0
684 60423
685 0
686 0
687 26006
688 0
689 0
690 6669
691 0
692 0
693 14839
694 0
695 0
696 59316
697 0
698 0
699 45643
700 0
701 0
702 62096
703 0
704 0
705 58506
706 0
707 0
708 46991
709 0
710 0
711 34299
712 0
713 0
714 25375
715 0
716 0
717 39644
718 0
719 0
720 57215
721 0
722 0
723 34310
724 0
725 0
726 32389
727 0
728 0
729 62872
730 0
731 0
732 25321
733 0
734 0
735 30660
736 0
737 0
738 30298
739 0
740 0
741 168
742 0
743 0
744 3102
745 0
746 0
747 38064
748 0
749 0
750 64127
751 0
752 0
753 39312
754 0
755 0
756 10548
757 0
758 0
759 59925
760 0
761 0
762 55126
763 0
764 0
765 31164
766 0
767 0
768 23353
769 0
770 0
771 59990
772 0
773 0
774 1007
775 0
776 0
777 28433
778 0
779 0
780 7053
781 0
782 0
783 22861
784 0
785 0
786 56562
787 0
788 0
789 32494
790 0
791 0
792 35441
793 0
794 0
795 45422
796 0
797 0
798 14077
799 0
800 0
801 27621
802 0
803 0
804 4531
805 0
806 0
807 53168
808 0
809 0
810 39232
811 0
812 0
813 23510
814 0
815 0
816 16373
817 0
818 0
819 16669
820 0
821 0
822 9918
823 0
824 0
825 11534
826 0
827 0
828 63025
829 0
830 0
831 14922
832 0
833 0
834 46438
835 0
836 0
837 50536
838 0
839 0
840 5671
841 0
842 0
843 54689
844 0
845 0
846 12350
847 0
848 0
849 46878
850 0
851 0
852 11672
853 0
854 0
855 10647
856 0
857 0
858 37365
859 0
860 0
861 40966
862 0
863 0
864 38258
865 0
866 0
867 17565
868 0
869 0
870 4492
871 0
872 0
873 20669
874 0
875 0
876 37180
877 0
878 0
879 42829
880 0
881 0
882 4866
883 0
884 0
885 7905
886 0
887 0
888 38385
889 0
890 0
891 50880
892 0
893 0
894 14503
895 0
896 0
897 58394
898 0
899 0
900 30208
901 0
902 0
903 54066
904 0
905 0
906 28633
907 0
908 0
909 50945
910 0
911 0
912 34790
913 0
914 0
915 56674
916 0
917 0
918 9730
919 0
920 0
921 20767
922 0
923 0
924 17639
925 0
926 0
927 27922
928 0
929 0
930 35560
931 0
932 0
933 47993
934 0
935 0
936 47952
937 0
938 0
939 13308
940 0
941 0
942 4804
943 0
944 0
945 52626
946 0
947 0
948 53057
949 0
950 0
951 40551
952 0
953 0
954 32157
955 0
956 0
957 3118
958 0
959 0
960 16459
961 0
962 0
963 62806
964 0
965 0
966 45456
967 0
968 0
969 24390
970 0
971 0
972 9937
973 0
974 0
975 27644
976 0
977 0
978 59249
979 0
980 0
981 1636
982 0
983 0
984 36088
985 0
986 0
987 14852
988 0
989 0
990 55142
991 0
992 0
993 59366
994 0
995 0
996 52334
997 0
998 0
999 41960
1000 0
1001 0
1002 29635
1003 0
1004 0
1005 37850
1006 0
1007 0
1008 63643
1009 0
1010 0
1011 36621
1012 0
1013 0
1014 16635
1015 0
1016 0
1017 24721
1018 0
1019 0
1020 2000
1021 0
1022 0
1023 4144
1024 0
1025 0
1026 29938
1027 0
1028 0
1029 54259
1030 0
1031 0
1032 36468
1033 0
1034 0
1035 51641
1036 0
1037 0
1038 30406
1039 0
1040 0
1041 30620
1042 0
1043 0
1044 51594
1045 0
1046 0
1047 41492
1048 0
1049 0
1050 15286
1051 0
1052 0
1053 31706
1054 0
1055 0
1056 15028
1057 0
1058 0
1059 7280
1060 0
1061 0
1062 34990
1063 0
1064 0
1065 16889
1066 0
1067 0
1068 38100
1069 0
1070 0
1071 2804
1072 0
1073 0
1074 61819
1075 0
1076 0
1077 26008
1078 0
1079 0
1080 4383
1081 0
1082 0
1083 19915
1084 0
1085 0
1086 52459
1087 0
1088 0
1089 34987
1090 0
1091 0
1092 9728
1093 0
1094 0
1095 57705
1096 0
1097 0
1098 5894
1099 0
1100 0
1101 26627
1102 0
1103 0
1104 19912
1105 0
1106 0
1107 25865
1108 0
1109 0
1110 917
1111 0
1112 0
1113 61501
1114 0
1115 0
1116 10867
1117 0
1118 0
1119 22258
1120 0
1121 0
1122 15554
1123 0
1124 0
1125 60997
1126 0
1127 0
1128 4862
1129 0
1130 0
1131 64064
1132 0
1133 0
1134 19789
1135 0
1136 0
1137 60148
1138 0
1139 0
1140 52635
1141 0
1142 0
1143 24337
1144 0
1145 0
1146 11504
1147 0
1148 0
1149 60815
1150 0
1151 0
1152 61740
1153 0
1154 0
1155 30540
1156 0
1157 0
1158 49501
1159 0
1160 0
1161 20736
1162 0
1163 0
1164 39094
1165 0
1166 0
1167 22658
1168 0
1169 0
1170 58957
1171 0
1172 0
1173 25806
1174 0
1175 0
1176 7399
1177 0
1178 0
1179 38767
1180 0
1181 0
1182 20925
1183 0
1184 0
1185 21607
1186 0
1187 0
1188 53833
1189 0
1190 0
1191 40365
1192 0
1193 0
1194 59315
