0 1
1 0
2 0
3 1
4 0
5 0
6 6
7 0
8 0
9 81
10 0
11 0
12 1990
13 0
14 0
15 46543
16 0
17 0
18 23844
19 0
20 0
21 1168
22 0
23 0
24 24676
25 0
26 0
27 25631
28 0
29 0
30 17223
31 0
32 0
33 22318
34 0
35 0
36 29120
37 0
38 0
39 12247
40 0
41 0
42 38147
43 0
44 0
45 9332
46 0
47 0
48 42584
49 0
50 0
51 10956
52 0
53 0
54 62097
55 0
56 0
57 54826
58 0
59 0
60 1415
61 0
62 0
63 7239
64 0
65 0
66 47771
67 0
68 0
69 4822
70 0
71 0
72 43123
73 0
74 0
75 10201
76 0
77 0
78 32525
79 0
80 0
81 32043
82 0
83 0
84 13189
85 0
86 0
87 61306
88 0
89 0
90 2225
91 0
92 0
93 15569
94 0
95 0
96 18723
97 0
98 0
99 2036
100 0
101 0
102 55202
103 0
104 0
105 37193
106 0
107 0
108 43993
109 0
110 0
111 28693
112 0
113 0
114 26019
115 0
116 0
117 42730
118 0
119 0
120 24398
121 0
122 0
123 37864
124 0
125 0
126 28239
127 0
128 0
129 11525
130 0
131 0
132 11483
133 0
134 0
135 101
136 0
137 0
138 56397
139 0
140 0
141 56184
142 0
143 0
144 54500
145 0
146 0
147 2351
148 0
149 0
150 685
151 0
152 0
153 61878
154 0
155 0
156 43017
157 0
158 0
159 29642
160 0
161 0
162 44026
163 0
164 0
165 61043
166 0
167 0
168 23692
169 0
170 0
171 3372
172 0
173 0
174 15247
175 0
176 0
177 4585
178 0
179 0
180 28751
181 0
182 0
183 22062
184 0
185 0
186 13757
187 0
188 0
189 49031
190 0
191 0
192 32213
193 0
194 0
195 25477
196 0
197 0
198 26462
199 0
200 0
201 45293
202 0
203 0
204 21314
205 0
206 0
207 55376
208 0
209 0
210 40453
211 0
212 0
213 20835
214 0
215 0
216 24158
217 0
218 0
219 23390
220 0
221 0
222 53603
223 0
224 0
225 10849
226 0
227 0
228 30781
229 0
230 0
231 48149
232 0
233 0
234 59134
235 0
236 0
237 28697
238 0
239 0
240 44904
241 0
242 0
243 38310
244 0
245 0
246 6113
247 0
248 0
249 51091
250 0
251 0
252 13264
253 0
254 0
255 60540
256 0
257 0
258 42670
259 0
260 0
261 39823
262 0
263 0
264 52812
265 0
266 0
267 60578
268 0
269 0
270 1606
271 0
272 0
273 23623
274 0
275 0
276 57813
277 0
278 0
279 41753
280 0
281 0
282 21192
283 0
284 0
285 52709
286 0
287 0
288 53229
289 0
290 0
291 31128
292 0
293 0
294 9376
295 0
296 0
297 22995
298 0
299 0
300 47053
301 0
302 0
303 8600
304 0
305 0
306 9609
307 0
308 0
309 44093
310 0
311 0
312 61662
313 0
314 0
315 35246
316 0
317 0
318 39998
319 0
320 0
321 30886
322 0
323 0
324 29392
325 0
326 0
327 36053
328 0
329 0
330 20669
331 0
332 0
333 49467
334 0
335 0
336 28675
337 0
338 0
339 5600
340 0
341 0
342 5792
343 0
344 0
345 9365
346 0
347 0
348 37759
349 0
350 0
351 42557
352 0
353 0
354 58490
355 0
356 0
357 52666
358 0
359 0
360 25154
361 0
362 0
363 58830
364 0
365 0
366 11438
367 0
368 0
369 23663
370 0
371 0
372 27809
373 0
374 0
375 1557
376 0
377 0
378 12920
379 0
380 0
381 17309
382 0
383 0
384 15912
385 0
386 0
387 18677
388 0
389 0
390 50085
391 0
392 0
393 12998
394 0
395 0
396 25573
397 0
398 0
399 26678
400 0
401 0
402 33463
403 0
404 0
405 892
406 0
407 0
408 23979
409 0
410 0
411 37342
412 0
413 0
414 62967
415 0
416 0
417 61006
418 0
419 0
420 9932
421 0
422 0
423 10434
424 0
425 0
426 26963
427 0
428 0
429 62176
430 0
431 0
432 41419
433 0
434 0
435 42006
436 0
437 0
438 3246
439 0
440 0
441 51613
442 0
443 0
444 31714
445 0
446 0
447 36153
448 0
449 0
450 44405
451 0
452 0
453 13198
454 0
455 0
456 57733
457 0
458 0
459 48568
460 0
461 0
462 53939
463 0
464 0
465 1871
466 0
467 0
468 31734
469 0
470 0
471 59000
472 0
473 0
474 21184
475 0
476 0
477 59519
478 0
479 0
480 6680
481 0
482 0
483 41565
484 0
485 0
486 58420
487 0
488 0
489 41124
490 0
491 0
492 27798
493 0
494 0
495 44825
496 0
497 0
498 58242
499 0
500 0
501 11431
502 0
503 0
504 54994
505 0
506 0
507 35337
508 0
509 0
510 29525
511 0
512 0
513 53014
514 0
515 0
516 34449
517 0
518 0
519 21278
520 0
521 0
522 4140
523 0
524 0
525 58865
526 0
527 0
528 36658
529 0
530 0
531 15265
532 0
533 0
534 3016
535 0
536 0
537 1777
538 0
539 0
540 22821
541 0
542 0
543 36163
544 0
545 0
546 63141
547 0
548 0
549 27437
550 0
551 0
552 44139
553 0
554 0
555 2351
556 0
557 0
558 52513
559 0
560 0
561 15034
562 0
563 0
564 48445
565 0
566 0
567 36332
568 0
569 0
570 52321
571 0
572 0
573 6122
574 0
575 0
576 28685
577 0
578 0
579 5210
580 0
581 0
582 28691
583 0
584 0
585 22874
586 0
587 0
588 5848
589 0
590 0
591 5527
592 0
593 0
594 52257
595 0
596 0
597 29603
598 0
599 0
600 40676
601 0
602 0
603 48337
604 0
605 0
606 43004
607 0
608 0
609 23942
610 0
611 0
612 10817
613 0
614 0
615 60401
616 0
617 0
618 64192
619 0
620 0
621 2247
622 0
623 0
624 8477
625 0
626 0
627 43227
628 0
629 0
630 11475
631 0
632 0
633 14732
634 0
635 0
636 57181
637 0
638 0
639 43803
640 0
641 0
642 38588
643 0
644 0
645 10221
646 0
647 0
648 25296
649 0
650 0
651 21124
652 0
653 0
654 23583
655 0
656 0
657 46026
658 0
659 0
660 47060
661 0
662 0
663 37215
664 0
665 0
666 8659
667 0
668 0
669 62722
670 0
671 0
672 44060
673 0
674 0
675 25122
676 0
677 0
678 24403
679 0
680 0
681 23099
682 0
683 0
684 3556
685 0
686 0
687 42369
688 0
689 0
690 45790
691 0
692 0
693 21195
694 0
695 0
696 31666
697 0
698 0
699 60957
700 0
701 0
702 31777
703 0
704 0
705 58278
706 0
707 0
708 50693
709 0
710 0
711 11709
712 0
713 0
714 9678
715 0
716 0
717 13234
718 0
719 0
720 53473
721 0
722 0
723 64951
724 0
725 0
726 65159
727 0
728 0
729 18015
730 0
731 0
732 46243
733 0
734 0
735 25660
736 0
737 0
738 21778
739 0
740 0
741 54029
742 0
743 0
744 36633
745 0
746 0
747 14097
748 0
749 0
750 3311
751 0
752 0
753 14396
754 0
755 0
756 48423
757 0
758 0
759 58515
760 0
761 0
762 10837
763 0
764 0
765 46163
766 0
767 0
768 61937
769 0
770 0
771 63815
772 0
773 0
774 9016
775 0
776 0
777 19436
778 0
779 0
780 58274
781 0
782 0
783 43153
784 0
785 0
786 3741
787 0
788 0
789 3682
790 0
791 0
792 34007
793 0
794 0
795 6649
796 0
797 0
798 59844
799 0
800 0
801 38948
802 0
803 0
804 385
805 0
806 0
807 40541
808 0
809 0
810 27337
811 0
812 0
813 15615
814 0
815 0
816 143
817 0
818 0
819 21563
820 0
821 0
822 6834
823 0
824 0
825 58817
826 0
827 0
828 9678
829 0
830 0
831 14286
832 0
833 0
834 76
835 0
836 0
837 24968
838 0
839 0
840 3623
841 0
842 0
843 10025
844 0
845 0
846 29067
847 0
848 0
849 28470
850 0
851 0
852 24545
853 0
854 0
855 1836
856 0
857 0
858 60800
859 0
860 0
861 45355
862 0
863 0
864 6970
865 0
866 0
867 62206
868 0
869 0
870 46007
871 0
872 0
873 14050
874 0
875 0
876 19474
877 0
878 0
879 39833
880 0
881 0
882 52331
883 0
884 0
885 9551
886 0
887 0
888 56762
889 0
890 0
891 38292
892 0
893 0
894 32388
895 0
896 0
897 40929
898 0
899 0
900 49690
901 0
902 0
903 64833
904 0
905 0
906 8880
907 0
908 0
909 60963
910 0
911 0
912 34833
913 0
914 0
915 55499
916 0
917 0
918 60601
919 0
920 0
921 19321
922 0
923 0
924 59021
925 0
926 0
927 2933
928 0
929 0
930 54873
931 0
932 0
933 8323
934 0
935 0
936 43565
937 0
938 0
939 42666
940 0
941 0
942 62588
943 0
944 0
945 25032
946 0
947 0
948 856
949 0
950 0
951 43759
952 0
953 0
954 64062
955 0
956 0
957 52785
958 0
959 0
960 315
961 0
962 0
963 35489
964 0
965 0
966 27858
967 0
968 0
969 28911
970 0
971 0
972 34638
973 0
974 0
975 8146
976 0
977 0
978 5738
979 0
980 0
981 62848
982 0
983 0
984 5716
985 0
986 0
987 7900
988 0
989 0
990 24745
991 0
992 0
993 49449
994 0
995 0
996 38496
997 0
998 0
999 7812
1000 0
1001 0
1002 27102
1003 0
1004 0
1005 11011
1006 0
1007 0
1008 41650
1009 0
1010 0
1011 50066
1012 0
1013 0
1014 16840
1015 0
1016 0
1017 31244
1018 0
1019 0
1020 9285
1021 0
1022 0
1023 49160
1024 0
1025 0
1026 39034
1027 0
1028 0
1029 14354
1030 0
1031 0
1032 18579
1033 0
1034 0
1035 6518
1036 0
1037 0
1038 18752
1039 0
1040 0
1041 24686
1042 0
1043 0
1044 64194
1045 0
1046 0
1047 26012
1048 0
1049 0
1050 14388
1051 0
1052 0
1053 33815
1054 0
1055 0
1056 35816
1057 0
1058 0
1059 506
1060 0
1061 0
1062 31836
1063 0
1064 0
1065 40618
1066 0
1067 0
1068 44486
1069 0
1070 0
1071 8005
1072 0
1073 0
1074 26654
1075 0
1076 0
1077 53462
1078 0
1079 0
1080 37599
1081 0
1082 0
1083 56406
1084 0
1085 0
1086 5546
1087 0
1088 0
1089 16755
1090 0
1091 0
1092 15365
1093 0
1094 0
1095 40442
1096 0
1097 0
1098 53525
1099 0
1100 0
1101 62667
1102 0
1103 0
1104 37667
1105 0
1106 0
1107 48858
1108 0
1109 0
1110 29545
1111 0
1112 0
1113 37934
1114 0
1115 0
1116 26565
1117 0
1118 0
1119 15011
1120 0
1121 0
1122 32300
1123 0
1124 0
1125 43614
1126 0
1127 0
1128 39776
1129 0
1130 0
1131 19820
1132 0
1133 0
1134 20265
1135 0
1136 0
1137 36622
1138 0
1139 0
1140 23795
1141 0
1142 0
1143 22803
1144 0
1145 0
1146 46405
1147 0
1148 0
1149 30567
1150 0
1151 0
1152 6188
1153 0
1154 0
1155 52045
1156 0
1157 0
1158 8222
1159 0
1160 0
1161 8928
1162 0
1163 0
1164 56098
1165 0
1166 0
1167 20641
1168 0
1169 0
1170 22033
1171 0
1172 0
1173 61464
1174 0
1175 0
1176 11609
1177 0
1178 0
1179 38699
1180 0
1181 0
1182 43305
1183 0
1184 0
1185 12057
1186 0
1187 0
1188 63174
1189 0
1190 0
1191 60880
1192 0
1193 0
1194 47015
