0 1
1 0
2 0
3 1
4 0
5 0
6 6
7 0
8 0
9 81
10 0
11 0
12 1990
13 0
14 0
15 46543
16 0
17 0
18 23558
19 0
20 0
21 62139
22 0
23 0
24 35377
25 0
26 0
27 43356
28 0
29 0
30 47282
31 0
32 0
33 64713
34 0
35 0
36 34468
37 0
38 0
39 35387
40 0
41 0
42 8257
43 0
44 0
45 7661
46 0
47 0
48 30931
49 0
50 0
51 4729
52 0
53 0
54 11480
55 0
56 0
57 54785
58 0
59 0
60 20219
61 0
62 0
63 36318
64 0
65 0
66 8346
67 0
68 0
69 54388
70 0
71 0
72 40058
73 0
74 0
75 26402
76 0
77 0
78 616
79 0
80 0
81 57162
82 0
83 0
84 8647
85 0
86 0
87 43825
88 0
89 0
90 22829
91 0
92 0
93 56711
94 0
95 0
96 31230
97 0
98 0
99 63343
100 0
101 0
102 7468
103 0
104 0
105 8926
106 0
107 0
108 35042
109 0
110 0
111 23442
112 0
113 0
114 3983
115 0
116 0
117 3124
118 0
119 0
120 51759
121 0
122 0
123 28185
124 0
125 0
126 28803
127 0
128 0
129 28559
130 0
131 0
132 59091
133 0
134 0
135 30488
136 0
137 0
138 54587
139 0
140 0
141 1596
142 0
143 0
144 6996
145 0
146 0
147 10875
148 0
149 0
150 41477
151 0
152 0
153 39398
154 0
155 0
156 38723
157 0
158 0
159 64589
160 0
161 0
162 34312
163 0
164 0
165 10837
166 0
167 0
168 57946
169 0
170 0
171 62071
172 0
173 0
174 39822
175 0
176 0
177 19641
178 0
179 0
180 33127
181 0
182 0
183 8011
184 0
185 0
186 14233
187 0
188 0
189 26724
190 0
191 0
192 17221
193 0
194 0
195 33406
196 0
197 0
198 55476
199 0
200 0
201 54286
202 0
203 0
204 39103
205 0
206 0
207 53060
208 0
209 0
210 32203
211 0
212 0
213 30525
214 0
215 0
216 14695
217 0
218 0
219 53450
220 0
221 0
222 61652
223 0
224 0
225 40913
226 0
227 0
228 48134
229 0
230 0
231 16954
232 0
233 0
234 40247
235 0
236 0
237 59147
238 0
239 0
240 30428
241 0
242 0
243 20406
244 0
245 0
246 25627
247 0
248 0
249 13087
250 0
251 0
252 25174
253 0
254 0
255 29425
256 0
257 0
258 40171
259 0
260 0
261 3657
262 0
263 0
264 30279
265 0
266 0
267 57478
268 0
269 0
270 11726
271 0
272 0
273 35804
274 0
275 0
276 56177
277 0
278 0
279 28834
280 0
281 0
282 20448
283 0
284 0
285 50971
286 0
287 0
288 25354
289 0
290 0
291 19119
292 0
293 0
294 20015
295 0
296 0
297 21993
298 0
299 0
300 41526
301 0
302 0
303 6915
304 0
305 0
306 30164
307 0
308 0
309 53479
310 0
311 0
312 25685
313 0
314 0
315 43673
316 0
317 0
318 26164
319 0
320 0
321 12295
322 0
323 0
324 61947
325 0
326 0
327 64160
328 0
329 0
330 7950
331 0
332 0
333 34787
334 0
335 0
336 60937
337 0
338 0
339 38378
340 0
341 0
342 3056
343 0
344 0
345 16077
346 0
347 0
348 49807
349 0
350 0
351 18222
352 0
353 0
354 38036
355 0
356 0
357 29752
358 0
359 0
360 21114
361 0
362 0
363 63531
364 0
365 0
366 56097
367 0
368 0
369 57296
370 0
371 0
372 18046
373 0
374 0
375 30322
376 0
377 0
378 15476
379 0
380 0
381 47629
382 0
383 0
384 22005
385 0
386 0
387 37375
388 0
389 0
390 22427
391 0
392 0
393 42078
394 0
395 0
396 64154
397 0
398 0
399 54402
400 0
401 0
402 24296
403 0
404 0
405 49406
406 0
407 0
408 5971
409 0
410 0
411 44094
412 0
413 0
414 22179
415 0
416 0
417 28217
418 0
419 0
420 46366
421 0
422 0
423 4977
424 0
425 0
426 46195
427 0
428 0
429 53729
430 0
431 0
432 58469
433 0
434 0
435 8180
436 0
437 0
438 65111
439 0
440 0
441 63459
442 0
443 0
444 27861
445 0
446 0
447 63433
448 0
449 0
450 11500
451 0
452 0
453 43399
454 0
455 0
456 61064
457 0
458 0
459 31989
460 0
461 0
462 12518
463 0
464 0
465 39509
466 0
467 0
468 56498
469 0
470 0
471 60635
472 0
473 0
474 3851
475 0
476 0
477 53064
478 0
479 0
480 61918
481 0
482 0
483 21448
484 0
485 0
486 19766
487 0
488 0
489 43652
490 0
491 0
492 41364
493 0
494 0
495 24090
496 0
497 0
498 39853
499 0
500 0
501 5544
502 0
503 0
504 63256
505 0
506 0
507 30992
508 0
509 0
510 36752
511 0
512 0
513 61405
514 0
515 0
516 65356
517 0
518 0
519 48936
520 0
521 0
522 41950
523 0
524 0
525 14721
526 0
527 0
528 62159
529 0
530 0
531 4586
532 0
533 0
534 17640
535 0
536 0
537 41043
538 0
539 0
540 4878
541 0
542 0
543 51176
544 0
545 0
546 53826
547 0
548 0
549 36965
550 0
551 0
552 36288
553 0
554 0
555 55818
556 0
557 0
558 5167
559 0
560 0
561 27244
562 0
563 0
564 24913
565 0
566 0
567 37904
568 0
569 0
570 5664
571 0
572 0
573 25540
574 0
575 0
576 18160
577 0
578 0
579 56333
580 0
581 0
582 47422
583 0
584 0
585 46245
586 0
587 0
588 7010
589 0
590 0
591 37706
592 0
593 0
594 48201
595 0
596 0
597 3644
598 0
599 0
600 19815
601 0
602 0
603 10119
604 0
605 0
606 11574
607 0
608 0
609 62007
610 0
611 0
612 27937
613 0
614 0
615 1024
616 0
617 0
618 64390
619 0
620 0
621 50748
622 0
623 0
624 42788
625 0
626 0
627 64111
628 0
629 0
630 51666
631 0
632 0
633 20462
634 0
635 0
636 19914
637 0
638 0
639 24632
640 0
641 0
642 62410
643 0
644 0
645 28966
646 0
647 0
648 51404
649 0
650 0
651 52320
652 0
653 0
654 36784
655 0
656 0
657 33204
658 0
659 0
660 54659
661 0
662 0
663 1285
664 0
665 0
666 21954
667 0
668 0
669 558
670 0
671 0
672 46291
673 0
674 0
675 39837
676 0
677 0
678 6370
679 0
680 0
681 26782
682 0
683 0
684 23680
685 0
686 0
687 35745
688 0
689 0
690 56161
691 0
692 0
693 24800
694 0
695 0
696 48823
697 0
698 0
699 3624
700 0
701 0
702 6638
703 0
704 0
705 37363
706 0
707 0
708 16430
709 0
710 0
711 19236
712 0
713 0
714 55220
715 0
716 0
717 27070
718 0
719 0
720 11796
721 0
722 0
723 16235
724 0
725 0
726 19204
727 0
728 0
729 39384
730 0
731 0
732 8107
733 0
734 0
735 19370
736 0
737 0
738 61164
739 0
740 0
741 64319
742 0
743 0
744 48964
745 0
746 0
747 49126
748 0
749 0
750 33022
751 0
752 0
753 47467
754 0
755 0
756 45654
757 0
758 0
759 58053
760 0
761 0
762 21652
763 0
764 0
765 43255
766 0
767 0
768 65089
769 0
770 0
771 44591
772 0
773 0
774 48762
775 0
776 0
777 64208
778 0
779 0
780 5888
781 0
782 0
783 42337
784 0
785 0
786 40466
787 0
788 0
789 34444
790 0
791 0
792 3127
793 0
794 0
795 63608
796 0
797 0
798 9071
799 0
800 0
801 51908
802 0
803 0
804 54978
805 0
806 0
807 24128
808 0
809 0
810 28910
811 0
812 0
813 62205
814 0
815 0
816 47238
817 0
818 0
819 17970
820 0
821 0
822 37925
823 0
824 0
825 21339
826 0
827 0
828 40951
829 0
830 0
831 3301
832 0
833 0
834 12210
835 0
836 0
837 54350
838 0
839 0
840 60501
841 0
842 0
843 41066
844 0
845 0
846 4628
847 0
848 0
849 23056
850 0
851 0
852 45234
853 0
854 0
855 49848
856 0
857 0
858 41568
859 0
860 0
861 32530
862 0
863 0
864 61026
865 0
866 0
867 50320
868 0
869 0
870 10289
871 0
872 0
873 10173
874 0
875 0
876 42590
877 0
878 0
879 19351
880 0
881 0
882 48776
883 0
884 0
885 2071
886 0
887 0
888 24261
889 0
890 0
891 1025
892 0
893 0
894 19044
895 0
896 0
897 54500
898 0
899 0
900 55797
901 0
902 0
903 47417
904 0
905 0
906 29053
907 0
908 0
909 42134
910 0
911 0
912 28998
913 0
914 0
915 29209
916 0
917 0
918 59445
919 0
920 0
921 46610
922 0
923 0
924 46372
925 0
926 0
927 65163
928 0
929 0
930 40061
931 0
932 0
933 12922
934 0
935 0
936 60206
937 0
938 0
939 41828
940 0
941 0
942 2737
943 0
944 0
945 49183
946 0
947 0
948 38249
949 0
950 0
951 36095
952 0
953 0
954 39637
955 0
956 0
957 55089
958 0
959 0
960 18477
961 0
962 0
963 62713
964 0
965 0
966 33265
967 0
968 0
969 48442
970 0
971 0
972 22414
973 0
974 0
975 30524
976 0
977 0
978 31196
979 0
980 0
981 62461
982 0
983 0
984 13931
985 0
986 0
987 51273
988 0
989 0
990 37787
991 0
992 0
993 10308
994 0
995 0
996 28048
997 0
998 0
999 24285
1000 0
1001 0
1002 63479
1003 0
1004 0
1005 5857
1006 0
1007 0
1008 40253
1009 0
1010 0
1011 14509
1012 0
1013 0
1014 59781
1015 0
1016 0
1017 26906
1018 0
1019 0
1020 21498
1021 0
1022 0
1023 18246
1024 0
1025 0
1026 8497
1027 0
1028 0
1029 47883
1030 0
1031 0
1032 2729
1033 0
1034 0
1035 59028
1036 0
1037 0
1038 34860
1039 0
1040 0
1041 31466
1042 0
1043 0
1044 19118
1045 0
1046 0
1047 35194
1048 0
1049 0
1050 58676
1051 0
1052 0
1053 28210
1054 0
1055 0
1056 36568
1057 0
1058 0
1059 37991
1060 0
1061 0
1062 58872
1063 0
1064 0
1065 60053
1066 0
1067 0
1068 30817
1069 0
1070 0
1071 14188
1072 0
1073 0
1074 30747
1075 0
1076 0
1077 45140
1078 0
1079 0
1080 37694
1081 0
1082 0
1083 39098
1084 0
1085 0
1086 22374
1087 0
1088 0
1089 4214
1090 0
1091 0
1092 30648
1093 0
1094 0
1095 62190
1096 0
1097 0
1098 15477
1099 0
1100 0
1101 31224
1102 0
1103 0
1104 30344
1105 0
1106 0
1107 3991
1108 0
1109 0
1110 22838
1111 0
1112 0
1113 22821
1114 0
1115 0
1116 53610
1117 0
1118 0
1119 32970
1120 0
1121 0
1122 16053
1123 0
1124 0
1125 24356
1126 0
1127 0
1128 27425
1129 0
1130 0
1131 22027
1132 0
1133 0
1134 30359
1135 0
1136 0
1137 1556
1138 0
1139 0
1140 49265
1141 0
1142 0
1143 10465
1144 0
1145 0
1146 8422
1147 0
1148 0
1149 11324
1150 0
1151 0
1152 299
1153 0
1154 0
1155 35719
1156 0
1157 0
1158 28397
1159 0
1160 0
1161 8548
1162 0
1163 0
1164 30819
1165 0
1166 0
1167 64050
1168 0
1169 0
1170 45515
1171 0
1172 0
1173 35203
1174 0
1175 0
1176 62896
1177 0
1178 0
1179 22946
1180 0
1181 0
1182 50014
1183 0
1184 0
1185 61599
1186 0
1187 0
1188 60771
1189 0
1190 0
1191 57327
1192 0
1193 0
1194 20722
