0 1
1 0
2 0
3 0
4 0
5 0
6 3
7 0
8 0
9 13
10 0
11 0
12 421
13 0
14 0
15 4992
16 0
17 0
18 60303
19 0
20 0
21 25614
22 0
23 0
24 4905
25 0
26 0
27 40985
28 0
29 0
30 17355
31 0
32 0
33 63540
34 0
35 0
36 8154
37 0
38 0
39 8531
40 0
41 0
42 40005
43 0
44 0
45 7029
46 0
47 0
48 18233
49 0
50 0
51 3448
52 0
53 0
54 11728
55 0
56 0
57 28265
58 0
59 0
60 14545
61 0
62 0
63 16841
64 0
65 0
66 37063
67 0
68 0
69 3128
70 0
71 0
72 38550
73 0
74 0
75 42850
76 0
77 0
78 56710
79 0
80 0
81 24007
82 0
83 0
84 60922
85 0
86 0
87 60294
88 0
89 0
90 51940
91 0
92 0
93 49246
94 0
95 0
96 14733
97 0
98 0
99 50472
100 0
101 0
102 22343
103 0
104 0
105 54939
106 0
107 0
108 51164
109 0
110 0
111 64629
112 0
113 0
114 23572
115 0
116 0
117 65303
118 0
119 0
120 28939
121 0
122 0
123 7907
124 0
125 0
126 7914
127 0
128 0
129 16749
130 0
131 0
132 9331
133 0
134 0
135 35805
136 0
137 0
138 842
139 0
140 0
141 61892
142 0
143 0
144 4983
145 0
146 0
147 19290
148 0
149 0
150 55034
151 0
152 0
153 24878
154 0
155 0
156 50938
157 0
158 0
159 44030
160 0
161 0
162 59580
163 0
164 0
165 64710
166 0
167 0
168 21649
169 0
170 0
171 27513
172 0
173 0
174 9014
175 0
176 0
177 3940
178 0
179 0
180 30557
181 0
182 0
183 37516
184 0
185 0
186 56451
187 0
188 0
189 43230
190 0
191 0
192 20695
193 0
194 0
195 59633
196 0
197 0
198 53086
199 0
200 0
201 55862
202 0
203 0
204 32465
205 0
206 0
207 30392
208 0
209 0
210 56579
211 0
212 0
213 38742
214 0
215 0
216 47634
217 0
218 0
219 42613
220 0
221 0
222 34261
223 0
224 0
225 52236
226 0
227 0
228 15201
229 0
230 0
231 19442
232 0
233 0
234 36301
235 0
236 0
237 55880
238 0
239 0
240 48409
241 0
242 0
243 39117
244 0
245 0
246 28893
247 0
248 0
249 49625
250 0
251 0
252 16520
253 0
254 0
255 370
256 0
257 0
258 35207
259 0
260 0
261 34103
262 0
263 0
264 53522
265 0
266 0
267 42387
268 0
269 0
270 21246
271 0
272 0
273 60036
274 0
275 0
276 22083
277 0
278 0
279 50422
280 0
281 0
282 32103
283 0
284 0
285 52495
286 0
287 0
288 42780
289 0
290 0
291 18309
292 0
293 0
294 49954
295 0
296 0
297 51570
298 0
299 0
300 36745
301 0
302 0
303 46838
304 0
305 0
306 61390
307 0
308 0
309 51876
310 0
311 0
312 35356
313 0
314 0
315 1570
316 0
317 0
318 53300
319 0
320 0
321 10759
322 0
323 0
324 52906
325 0
326 0
327 21956
328 0
329 0
330 43136
331 0
332 0
333 57561
334 0
335 0
336 59903
337 0
338 0
339 28505
340 0
341 0
342 11161
343 0
344 0
345 4628
346 0
347 0
348 12563
349 0
350 0
351 38325
352 0
353 0
354 20140
355 0
356 0
357 22474
358 0
359 0
360 46850
361 0
362 0
363 42879
364 0
365 0
366 10290
367 0
368 0
369 34977
370 0
371 0
372 18435
373 0
374 0
375 7596
376 0
377 0
378 756
379 0
380 0
381 21352
382 0
383 0
384 60854
385 0
386 0
387 3350
388 0
389 0
390 42312
391 0
392 0
393 13570
394 0
395 0
396 18515
397 0
398 0
399 7838
400 0
401 0
402 32949
403 0
404 0
405 60985
406 0
407 0
408 42006
409 0
410 0
411 56105
412 0
413 0
414 28944
415 0
416 0
417 27856
418 0
419 0
420 7854
421 0
422 0
423 25413
424 0
425 0
426 54006
427 0
428 0
429 18742
430 0
431 0
432 1232
433 0
434 0
435 46148
436 0
437 0
438 56730
439 0
440 0
441 31392
442 0
443 0
444 30065
445 0
446 0
447 8314
448 0
449 0
450 34047
451 0
452 0
453 61942
454 0
455 0
456 14815
457 0
458 0
459 60247
460 0
461 0
462 46338
463 0
464 0
465 20202
466 0
467 0
468 47807
469 0
470 0
471 36281
472 0
473 0
474 23833
475 0
476 0
477 25501
478 0
479 0
480 13729
481 0
482 0
483 7681
484 0
485 0
486 24595
487 0
488 0
489 17546
490 0
491 0
492 3152
493 0
494 0
495 61657
496 0
497 0
498 46684
499 0
500 0
501 31315
502 0
503 0
504 999
505 0
506 0
507 34903
508 0
509 0
510 16250
511 0
512 0
513 35252
514 0
515 0
516 23908
517 0
518 0
519 22665
520 0
521 0
522 909
523 0
524 0
525 64975
526 0
527 0
528 7799
529 0
530 0
531 2243
532 0
533 0
534 5940
535 0
536 0
537 9968
538 0
539 0
540 7294
541 0
542 0
543 33433
544 0
545 0
546 9609
547 0
548 0
549 12387
550 0
551 0
552 4153
553 0
554 0
555 25913
556 0
557 0
558 35595
559 0
560 0
561 26920
562 0
563 0
564 54025
565 0
566 0
567 54731
568 0
569 0
570 33781
571 0
572 0
573 52078
574 0
575 0
576 37571
577 0
578 0
579 2018
580 0
581 0
582 11749
583 0
584 0
585 43521
586 0
587 0
588 10015
589 0
590 0
591 20395
592 0
593 0
594 28081
595 0
596 0
597 6796
598 0
599 0
600 57673
601 0
602 0
603 10830
604 0
605 0
606 33486
607 0
608 0
609 31870
610 0
611 0
612 54994
613 0
614 0
615 28047
616 0
617 0
618 43042
619 0
620 0
621 25318
622 0
623 0
624 41069
625 0
626 0
627 61624
628 0
629 0
630 1799
631 0
632 0
633 3342
634 0
635 0
636 645
637 0
638 0
639 8791
640 0
641 0
642 62117
643 0
644 0
645 30553
646 0
647 0
648 58045
649 0
650 0
651 9492
652 0
653 0
654 21607
655 0
656 0
657 31380
658 0
659 0
660 50855
661 0
662 0
663 43648
664 0
665 0
666 15618
667 0
668 0
669 34517
670 0
671 0
672 12712
673 0
674 0
675 47293
676 0
677 0
678 60169
679 0
680 0
681 60343
682 0
683 0
684 49959
685 0
686 0
687 54932
688 0
689 0
690 33869
691 0
692 0
693 18803
694 0
695 0
696 6899
697 0
698 0
699 28244
700 0
701 0
702 5260
703 0
704 0
705 37508
706 0
707 0
708 60039
709 0
710 0
711 2855
712 0
713 0
714 38923
715 0
716 0
717 34162
718 0
719 0
720 22942
721 0
722 0
723 617
724 0
725 0
726 38013
727 0
728 0
729 33058
730 0
731 0
732 33768
733 0
734 0
735 39774
736 0
737 0
738 42625
739 0
740 0
741 22979
742 0
743 0
744 2424
745 0
746 0
747 51905
748 0
749 0
750 41964
751 0
752 0
753 44352
754 0
755 0
756 29806
757 0
758 0
759 12058
760 0
