0 1
1 0
2 0
3 0
4 0
5 0
6 3
7 0
8 0
9 13
10 0
11 0
12 421
13 0
14 0
15 4992
16 0
17 0
18 60303
19 0
20 0
21 25374
22 0
23 0
24 2925
25 0
26 0
27 27695
28 0
29 0
30 3844
31 0
32 0
33 38154
34 0
35 0
36 28993
37 0
38 0
39 10766
40 0
41 0
42 22896
43 0
44 0
45 34445
46 0
47 0
48 32804
49 0
50 0
51 29062
52 0
53 0
54 49515
55 0
56 0
57 26187
58 0
59 0
60 64933
61 0
62 0
63 47621
64 0
65 0
66 46535
67 0
68 0
69 49670
70 0
71 0
72 29931
73 0
74 0
75 29667
76 0
77 0
78 30778
79 0
80 0
81 6033
82 0
83 0
84 4363
85 0
86 0
87 11606
88 0
89 0
90 8272
91 0
92 0
93 13808
94 0
95 0
96 30843
97 0
98 0
99 15468
100 0
101 0
102 46716
103 0
104 0
105 32419
106 0
107 0
108 55224
109 0
110 0
111 61157
112 0
113 0
114 8215
115 0
116 0
117 54702
118 0
119 0
120 35235
121 0
122 0
123 33239
124 0
125 0
126 45216
127 0
128 0
129 22019
130 0
131 0
132 61401
133 0
134 0
135 21599
136 0
137 0
138 41490
139 0
140 0
141 23320
142 0
143 0
144 20457
145 0
146 0
147 21224
148 0
149 0
150 49247
151 0
152 0
153 30569
154 0
155 0
156 36125
157 0
158 0
159 26961
160 0
161 0
162 31931
163 0
164 0
165 39778
166 0
167 0
168 30790
169 0
170 0
171 37660
172 0
173 0
174 27533
175 0
176 0
177 58978
178 0
179 0
180 22839
181 0
182 0
183 12808
184 0
185 0
186 55336
187 0
188 0
189 44603
190 0
191 0
192 24407
193 0
194 0
195 40015
196 0
197 0
198 33491
199 0
200 0
201 38583
202 0
203 0
204 3789
205 0
206 0
207 27474
208 0
209 0
210 52030
211 0
212 0
213 25248
214 0
215 0
216 61026
217 0
218 0
219 18108
220 0
221 0
222 54004
223 0
224 0
225 39594
226 0
227 0
228 40644
229 0
230 0
231 30595
232 0
233 0
234 23633
235 0
236 0
237 32169
238 0
239 0
240 24641
241 0
242 0
243 9932
244 0
245 0
246 28829
247 0
248 0
249 24633
250 0
251 0
252 43813
253 0
254 0
255 18183
256 0
257 0
258 20480
259 0
260 0
261 40399
262 0
263 0
264 52440
265 0
266 0
267 12398
268 0
269 0
270 28888
271 0
272 0
273 35465
274 0
275 0
276 39408
277 0
278 0
279 62891
280 0
281 0
282 58971
283 0
284 0
285 12262
286 0
287 0
288 23785
289 0
290 0
291 12316
292 0
293 0
294 48683
295 0
296 0
297 62291
298 0
299 0
300 49759
301 0
302 0
303 50973
304 0
305 0
306 53742
307 0
308 0
309 9383
310 0
311 0
312 33203
313 0
314 0
315 30665
316 0
317 0
318 46080
319 0
320 0
321 59811
322 0
323 0
324 61289
325 0
326 0
327 4097
328 0
329 0
330 33322
331 0
332 0
333 7289
334 0
335 0
336 64750
337 0
338 0
339 65332
340 0
341 0
342 22790
343 0
344 0
345 25711
346 0
347 0
348 5098
349 0
350 0
351 30314
352 0
353 0
354 49687
355 0
356 0
357 17512
358 0
359 0
360 56458
361 0
362 0
363 28974
364 0
365 0
366 16492
367 0
368 0
369 62463
370 0
371 0
372 50474
373 0
374 0
375 6178
376 0
377 0
378 32547
379 0
380 0
381 16661
382 0
383 0
384 994
385 0
386 0
387 27116
388 0
389 0
390 58406
391 0
392 0
393 64880
394 0
395 0
396 46220
397 0
398 0
399 11826
400 0
401 0
402 29208
403 0
404 0
405 57090
406 0
407 0
408 57807
409 0
410 0
411 29495
412 0
413 0
414 42044
415 0
416 0
417 20980
418 0
419 0
420 45830
421 0
422 0
423 31112
424 0
425 0
426 54378
427 0
428 0
429 37267
430 0
431 0
432 47877
433 0
434 0
435 61604
436 0
437 0
438 29170
439 0
440 0
441 42040
442 0
443 0
444 23913
445 0
446 0
447 19066
448 0
449 0
450 58153
451 0
452 0
453 30374
454 0
455 0
456 46518
457 0
458 0
459 8947
460 0
461 0
462 13469
463 0
464 0
465 52339
466 0
467 0
468 16381
469 0
470 0
471 54731
472 0
473 0
474 7078
475 0
476 0
477 8593
478 0
479 0
480 29506
481 0
482 0
483 57501
484 0
485 0
486 64950
487 0
488 0
489 44479
490 0
491 0
492 34692
493 0
494 0
495 24896
496 0
497 0
498 46527
499 0
500 0
501 43159
502 0
503 0
504 47496
505 0
506 0
507 40215
508 0
509 0
510 64456
511 0
512 0
513 56120
514 0
515 0
516 18369
517 0
518 0
519 33512
520 0
521 0
522 5799
523 0
524 0
525 47188
526 0
527 0
528 3447
529 0
530 0
531 29172
532 0
533 0
534 22725
535 0
536 0
537 34159
538 0
539 0
540 62494
541 0
542 0
543 17437
544 0
545 0
546 8131
547 0
548 0
549 19094
550 0
551 0
552 23044
553 0
554 0
555 47051
556 0
557 0
558 30553
559 0
560 0
561 26221
562 0
563 0
564 24374
565 0
566 0
567 60643
568 0
569 0
570 15140
571 0
572 0
573 22693
574 0
575 0
576 65223
577 0
578 0
579 38367
580 0
581 0
582 32318
583 0
584 0
585 26450
586 0
587 0
588 15064
589 0
590 0
591 35178
592 0
593 0
594 36640
595 0
596 0
597 19838
598 0
599 0
600 6056
601 0
602 0
603 6819
604 0
605 0
606 21150
607 0
608 0
609 63495
610 0
611 0
612 27751
613 0
614 0
615 1376
616 0
617 0
618 21946
619 0
620 0
621 51980
622 0
623 0
624 24980
625 0
626 0
627 29982
628 0
629 0
630 43259
631 0
632 0
633 32742
634 0
635 0
636 16805
637 0
638 0
639 33622
640 0
641 0
642 62144
643 0
644 0
645 33533
646 0
647 0
648 46511
649 0
650 0
651 10853
652 0
653 0
654 20815
655 0
656 0
657 51229
658 0
659 0
660 43205
661 0
662 0
663 26225
664 0
665 0
666 2737
667 0
668 0
669 1942
670 0
671 0
672 1729
673 0
674 0
675 53775
676 0
677 0
678 28167
679 0
680 0
681 41203
682 0
683 0
684 5853
685 0
686 0
687 10036
688 0
689 0
690 50566
691 0
692 0
693 58788
694 0
695 0
696 39448
697 0
698 0
699 26540
700 0
701 0
702 19292
703 0
704 0
705 19369
706 0
707 0
708 1125
709 0
710 0
711 23009
712 0
713 0
714 52391
715 0
716 0
717 6118
718 0
719 0
720 35708
721 0
722 0
723 6414
724 0
725 0
726 41591
727 0
728 0
729 27372
730 0
731 0
732 34845
733 0
734 0
735 60464
736 0
737 0
738 36121
739 0
740 0
741 17971
742 0
743 0
744 25757
745 0
746 0
747 11627
748 0
749 0
750 39455
751 0
752 0
753 33248
754 0
755 0
756 20802
757 0
758 0
759 15403
760 0
