0 1
1 0
2 0
3 0
4 0
5 0
6 3
7 0
8 0
9 13
10 0
11 0
12 421
13 0
14 0
15 4992
16 0
17 0
18 60303
19 0
20 0
21 25918
22 0
23 0
24 7413
25 0
26 0
27 57819
28 0
29 0
30 51990
31 0
32 0
33 4679
34 0
35 0
36 1863
37 0
38 0
39 17328
40 0
41 0
42 4354
43 0
44 0
45 3607
46 0
47 0
48 11142
49 0
50 0
51 480
52 0
53 0
54 22539
55 0
56 0
57 21401
58 0
59 0
60 9853
61 0
62 0
63 19978
64 0
65 0
66 4276
67 0
68 0
69 48072
70 0
71 0
72 4197
73 0
74 0
75 57312
76 0
77 0
78 30074
79 0
80 0
81 64153
82 0
83 0
84 24287
85 0
86 0
87 35876
88 0
89 0
90 4934
91 0
92 0
93 54850
94 0
95 0
96 34729
97 0
98 0
99 11745
100 0
101 0
102 757
103 0
104 0
105 5845
106 0
107 0
108 58671
109 0
110 0
111 17349
112 0
113 0
114 45521
115 0
116 0
117 59742
118 0
119 0
120 30056
121 0
122 0
123 11441
124 0
125 0
126 36012
127 0
128 0
129 53477
130 0
131 0
132 62457
133 0
134 0
135 56893
136 0
137 0
138 1501
139 0
140 0
141 36207
142 0
143 0
144 207
145 0
146 0
147 38408
148 0
149 0
150 15200
151 0
152 0
153 22773
154 0
155 0
156 1534
157 0
158 0
159 41254
160 0
161 0
162 7454
163 0
164 0
165 840
166 0
167 0
168 25481
169 0
170 0
171 20994
172 0
173 0
174 5344
175 0
176 0
177 3131
178 0
179 0
180 6253
181 0
182 0
183 29837
184 0
185 0
186 28585
187 0
188 0
189 38459
190 0
191 0
192 54703
193 0
194 0
195 55204
196 0
197 0
198 55448
199 0
200 0
201 16003
202 0
203 0
204 1188
205 0
206 0
207 35322
208 0
209 0
210 51669
211 0
212 0
213 47627
214 0
215 0
216 52933
217 0
218 0
219 55838
220 0
221 0
222 37736
223 0
224 0
225 52594
226 0
227 0
228 117
229 0
230 0
231 64387
232 0
233 0
234 1548
235 0
236 0
237 3162
238 0
239 0
240 61176
241 0
242 0
243 48621
244 0
245 0
246 56482
247 0
248 0
249 47164
250 0
251 0
252 17781
253 0
254 0
255 30680
256 0
257 0
258 55806
259 0
260 0
261 18224
262 0
263 0
264 64024
265 0
266 0
267 20519
268 0
269 0
270 58892
271 0
272 0
273 47972
274 0
275 0
276 36043
277 0
278 0
279 13427
280 0
281 0
282 30849
283 0
284 0
285 32256
286 0
287 0
288 25317
289 0
290 0
291 59733
292 0
293 0
294 9794
295 0
296 0
297 30043
298 0
299 0
300 42180
301 0
302 0
303 34311
304 0
305 0
306 20465
307 0
308 0
309 34415
310 0
311 0
312 11740
313 0
314 0
315 31848
316 0
317 0
318 9092
319 0
320 0
321 843
322 0
323 0
324 39459
325 0
326 0
327 34155
328 0
329 0
330 59487
331 0
332 0
333 8867
334 0
335 0
336 38592
337 0
338 0
339 51476
340 0
341 0
342 17614
343 0
344 0
345 36712
346 0
347 0
348 15933
349 0
350 0
351 60897
352 0
353 0
354 39030
355 0
356 0
357 49274
358 0
359 0
360 14000
361 0
362 0
363 63857
364 0
365 0
366 56809
367 0
368 0
369 11707
370 0
371 0
372 21176
373 0
374 0
375 23797
376 0
377 0
378 57038
379 0
380 0
381 52237
382 0
383 0
384 48941
385 0
386 0
387 50802
388 0
389 0
390 42608
391 0
392 0
393 15121
394 0
395 0
396 8627
397 0
398 0
399 18886
400 0
401 0
402 14780
403 0
404 0
405 45248
406 0
407 0
408 17913
409 0
410 0
411 47373
412 0
413 0
414 7824
415 0
416 0
417 44825
418 0
419 0
420 710
421 0
422 0
423 42878
424 0
425 0
426 57835
427 0
428 0
429 20908
430 0
431 0
432 14586
433 0
434 0
435 63159
436 0
437 0
438 8372
439 0
440 0
441 6506
442 0
443 0
444 27335
445 0
446 0
447 22891
448 0
449 0
450 1444
451 0
452 0
453 59051
454 0
455 0
456 32531
457 0
458 0
459 29535
460 0
461 0
462 19759
463 0
464 0
465 56114
466 0
467 0
468 31545
469 0
470 0
471 9554
472 0
473 0
474 32535
475 0
476 0
477 6070
478 0
479 0
480 17820
481 0
482 0
483 63713
484 0
485 0
486 3152
487 0
488 0
489 4671
490 0
491 0
492 2235
493 0
494 0
495 31964
496 0
497 0
498 41272
499 0
500 0
501 23615
502 0
503 0
504 50372
505 0
506 0
507 55449
508 0
509 0
510 14952
511 0
512 0
513 7845
514 0
515 0
516 53793
517 0
518 0
519 5772
520 0
521 0
522 48718
523 0
524 0
525 15869
526 0
527 0
528 23363
529 0
530 0
531 39272
532 0
533 0
534 26569
535 0
536 0
537 39594
538 0
539 0
540 58079
541 0
542 0
543 64162
544 0
545 0
546 33
547 0
548 0
549 15527
550 0
551 0
552 14122
553 0
554 0
555 31177
556 0
557 0
558 12979
559 0
560 0
561 28619
562 0
563 0
564 27662
565 0
566 0
567 14149
568 0
569 0
570 31486
571 0
572 0
573 14798
574 0
575 0
576 39289
577 0
578 0
579 28070
580 0
581 0
582 43438
583 0
584 0
585 18604
586 0
587 0
588 58015
589 0
590 0
591 26272
592 0
593 0
594 34821
595 0
596 0
597 6892
598 0
599 0
600 14590
601 0
602 0
603 29389
604 0
605 0
606 48741
607 0
608 0
609 10649
610 0
611 0
612 24509
613 0
614 0
615 45685
616 0
617 0
618 55246
619 0
620 0
621 33128
622 0
623 0
624 52833
625 0
626 0
627 59551
628 0
629 0
630 31234
631 0
632 0
633 8325
634 0
635 0
636 52155
637 0
638 0
639 22440
640 0
641 0
642 51901
643 0
644 0
645 10806
646 0
647 0
648 62693
649 0
650 0
651 46284
652 0
653 0
654 30585
655 0
656 0
657 2409
658 0
659 0
660 27493
661 0
662 0
663 6453
664 0
665 0
666 46391
667 0
668 0
669 6969
670 0
671 0
672 41976
673 0
674 0
675 47895
676 0
677 0
678 55654
679 0
680 0
681 33493
682 0
683 0
684 56285
685 0
686 0
687 32305
688 0
689 0
690 43666
691 0
692 0
693 279
694 0
695 0
696 9325
697 0
698 0
699 28186
700 0
701 0
702 32269
703 0
704 0
705 20863
706 0
707 0
708 49601
709 0
710 0
711 53616
712 0
713 0
714 33119
715 0
716 0
717 29418
718 0
719 0
720 8988
721 0
722 0
723 39902
724 0
725 0
726 61817
727 0
728 0
729 8444
730 0
731 0
732 119
733 0
734 0
735 39874
736 0
737 0
738 23921
739 0
740 0
741 26074
742 0
743 0
744 51939
745 0
746 0
747 52329
748 0
749 0
750 47966
751 0
752 0
753 42348
754 0
755 0
756 25472
757 0
758 0
759 9233
760 0
