0 1
1 0
2 0
3 0
4 0
5 0
6 3
7 0
8 0
9 13
10 0
11 0
12 421
13 0
14 0
15 4992
16 0
17 0
18 60303
19 0
20 0
21 24990
22 0
23 0
24 65254
25 0
26 0
27 6431
28 0
29 0
30 8550
31 0
32 0
33 24484
34 0
35 0
36 26906
37 0
38 0
39 31190
40 0
41 0
42 37838
43 0
44 0
45 50207
46 0
47 0
48 38852
49 0
50 0
51 64400
52 0
53 0
54 26503
55 0
56 0
57 3259
58 0
59 0
60 59940
61 0
62 0
63 21851
64 0
65 0
66 30345
67 0
68 0
69 51770
70 0
71 0
72 17029
73 0
74 0
75 33739
76 0
77 0
78 55212
79 0
80 0
81 35119
82 0
83 0
84 13235
85 0
86 0
87 9437
88 0
89 0
90 64041
91 0
92 0
93 58013
94 0
95 0
96 44164
97 0
98 0
99 12721
100 0
101 0
102 63417
103 0
104 0
105 11914
106 0
107 0
108 31515
109 0
110 0
111 53493
112 0
113 0
114 45242
115 0
116 0
117 34157
118 0
119 0
120 27841
121 0
122 0
123 3217
124 0
125 0
126 23107
127 0
128 0
129 37310
130 0
131 0
132 16483
133 0
134 0
135 18099
136 0
137 0
138 51945
139 0
140 0
141 9335
142 0
143 0
144 48576
145 0
146 0
147 36130
148 0
149 0
150 11669
151 0
152 0
153 2957
154 0
155 0
156 46479
157 0
158 0
159 13700
160 0
161 0
162 5882
163 0
164 0
165 25459
166 0
167 0
168 17323
169 0
170 0
171 13151
172 0
173 0
174 47700
175 0
176 0
177 28078
178 0
179 0
180 34714
181 0
182 0
183 16499
184 0
185 0
186 17506
187 0
188 0
189 35713
190 0
191 0
192 19271
193 0
194 0
195 37366
196 0
197 0
198 60898
199 0
200 0
201 3196
202 0
203 0
204 20683
205 0
206 0
207 51788
208 0
209 0
210 16805
211 0
212 0
213 18395
214 0
215 0
216 23064
217 0
218 0
219 62954
220 0
221 0
222 49264
223 0
224 0
225 20279
226 0
227 0
228 45522
229 0
230 0
231 2667
232 0
233 0
234 9667
235 0
236 0
237 4031
238 0
239 0
240 9799
241 0
242 0
243 31707
244 0
245 0
246 47405
247 0
248 0
249 17764
250 0
251 0
252 45592
253 0
254 0
255 51189
256 0
257 0
258 53159
259 0
260 0
261 22590
262 0
263 0
264 22781
265 0
266 0
267 40280
268 0
269 0
270 51198
271 0
272 0
273 45849
274 0
275 0
276 49717
277 0
278 0
279 50001
280 0
281 0
282 26829
283 0
284 0
285 21735
286 0
287 0
288 63606
289 0
290 0
291 59842
292 0
293 0
294 37173
295 0
296 0
297 55183
298 0
299 0
300 15571
301 0
302 0
303 33846
304 0
305 0
306 56952
307 0
308 0
309 7889
310 0
311 0
312 44791
313 0
314 0
315 27910
316 0
317 0
318 217
319 0
320 0
321 34714
322 0
323 0
324 33446
325 0
326 0
327 8125
328 0
329 0
330 27174
331 0
332 0
333 18514
334 0
335 0
336 30969
337 0
338 0
339 41887
340 0
341 0
342 11107
343 0
344 0
345 53308
346 0
347 0
348 21958
349 0
350 0
351 20164
352 0
353 0
354 31369
355 0
356 0
357 50752
358 0
359 0
360 46907
361 0
362 0
363 32441
364 0
365 0
366 28291
367 0
368 0
369 65352
370 0
371 0
372 45087
373 0
374 0
375 54030
376 0
377 0
378 50781
379 0
380 0
381 47716
382 0
383 0
384 22265
385 0
386 0
387 46858
388 0
389 0
390 20739
391 0
392 0
393 65010
394 0
395 0
396 10746
397 0
398 0
399 60807
400 0
401 0
402 43362
403 0
404 0
405 8809
406 0
407 0
408 15855
409 0
410 0
411 36883
412 0
413 0
414 61443
415 0
416 0
417 46390
418 0
419 0
420 41908
421 0
422 0
423 36133
424 0
425 0
426 25347
427 0
428 0
429 31018
430 0
431 0
432 5555
433 0
434 0
435 58962
436 0
437 0
438 6094
439 0
440 0
441 33951
442 0
443 0
444 27277
445 0
446 0
447 47422
448 0
449 0
450 47947
451 0
452 0
453 25149
454 0
455 0
456 33177
457 0
458 0
459 46257
460 0
461 0
462 4763
463 0
464 0
465 61443
466 0
467 0
468 9923
469 0
470 0
471 1334
472 0
473 0
474 41463
475 0
476 0
477 53467
478 0
479 0
480 52318
481 0
482 0
483 21107
484 0
485 0
486 48648
487 0
488 0
489 10123
490 0
491 0
492 18781
493 0
494 0
495 26580
496 0
497 0
498 65171
499 0
500 0
501 42495
502 0
503 0
504 53366
505 0
506 0
507 41900
508 0
509 0
510 5219
511 0
512 0
513 7497
514 0
515 0
516 65025
517 0
518 0
519 51778
520 0
521 0
522 22420
523 0
524 0
525 9650
526 0
527 0
528 48100
529 0
530 0
531 57130
532 0
533 0
534 1317
535 0
536 0
537 16716
538 0
539 0
540 43025
541 0
542 0
543 47935
544 0
545 0
546 23992
547 0
548 0
549 18477
550 0
551 0
552 35013
553 0
554 0
555 46537
556 0
557 0
558 40654
559 0
560 0
561 20937
562 0
563 0
564 28423
565 0
566 0
567 26625
568 0
569 0
570 23878
571 0
572 0
573 60281
574 0
575 0
576 64873
577 0
578 0
579 56598
580 0
581 0
582 21618
583 0
584 0
585 40770
586 0
587 0
588 17374
589 0
590 0
591 56408
592 0
593 0
594 61115
595 0
596 0
597 2363
598 0
599 0
600 16768
601 0
602 0
603 40429
604 0
605 0
606 2006
607 0
608 0
609 55834
610 0
611 0
612 2920
613 0
614 0
615 28526
616 0
617 0
618 16257
619 0
620 0
621 26383
622 0
623 0
624 9550
625 0
626 0
627 3812
628 0
629 0
630 64903
631 0
632 0
633 12145
634 0
635 0
636 2408
637 0
638 0
639 35892
640 0
641 0
642 24700
643 0
644 0
645 507
646 0
647 0
648 28885
649 0
650 0
651 19651
652 0
653 0
654 8583
655 0
656 0
657 27996
658 0
659 0
660 4642
661 0
662 0
663 35669
664 0
665 0
666 55073
667 0
668 0
669 46945
670 0
671 0
672 30805
673 0
674 0
675 6783
676 0
677 0
678 46535
679 0
680 0
681 28338
682 0
683 0
684 38793
685 0
686 0
687 13925
688 0
689 0
690 60709
691 0
692 0
693 37725
694 0
695 0
696 10907
697 0
698 0
699 30112
700 0
701 0
702 40701
703 0
704 0
705 288
706 0
707 0
708 33687
709 0
710 0
711 36166
712 0
713 0
714 31980
715 0
716 0
717 6012
718 0
719 0
720 25484
721 0
722 0
723 29102
724 0
725 0
726 3273
727 0
728 0
729 65302
730 0
731 0
732 792
733 0
734 0
735 1463
736 0
737 0
738 33146
739 0
740 0
741 28266
742 0
743 0
744 39517
745 0
746 0
747 23670
748 0
749 0
750 41057
751 0
752 0
753 56888
754 0
755 0
756 33233
757 0
758 0
759 12440
760 0
