0 1
1 0
2 0
3 0
4 0
5 0
6 3
7 0
8 0
9 13
10 0
11 0
12 421
13 0
14 0
15 4992
16 0
17 0
18 60303
19 0
20 0
21 25710
22 0
23 0
24 5697
25 0
26 0
27 46301
28 0
29 0
30 48939
31 0
32 0
33 34551
34 0
35 0
36 26502
37 0
38 0
39 9905
40 0
41 0
42 29909
43 0
44 0
45 4911
46 0
47 0
48 45474
49 0
50 0
51 45848
52 0
53 0
54 37541
55 0
56 0
57 47134
58 0
59 0
60 12938
61 0
62 0
63 52296
64 0
65 0
66 27460
67 0
68 0
69 18767
70 0
71 0
72 2126
73 0
74 0
75 25001
76 0
77 0
78 59858
79 0
80 0
81 32285
82 0
83 0
84 45898
85 0
86 0
87 45316
88 0
89 0
90 52793
91 0
92 0
93 39224
94 0
95 0
96 22300
97 0
98 0
99 23093
100 0
101 0
102 29341
103 0
104 0
105 38357
106 0
107 0
108 12821
109 0
110 0
111 20732
112 0
113 0
114 61340
115 0
116 0
117 28362
118 0
119 0
120 21978
121 0
122 0
123 54105
124 0
125 0
126 100
127 0
128 0
129 46370
130 0
131 0
132 11178
133 0
134 0
135 21698
136 0
137 0
138 57477
139 0
140 0
141 58131
142 0
143 0
144 63334
145 0
146 0
147 55059
148 0
149 0
150 45251
151 0
152 0
153 41206
154 0
155 0
156 40624
157 0
158 0
159 8558
160 0
161 0
162 57086
163 0
164 0
165 25738
166 0
167 0
168 44883
169 0
170 0
171 50570
172 0
173 0
174 47433
175 0
176 0
177 21919
178 0
179 0
180 28141
181 0
182 0
183 39301
184 0
185 0
186 5289
187 0
188 0
189 58103
190 0
191 0
192 60203
193 0
194 0
195 24128
196 0
197 0
198 24685
199 0
200 0
201 32837
202 0
203 0
204 61614
205 0
206 0
207 493
208 0
209 0
210 9325
211 0
212 0
213 41980
214 0
215 0
216 39262
217 0
218 0
219 54903
220 0
221 0
222 24949
223 0
224 0
225 55338
226 0
227 0
228 10063
229 0
230 0
231 37199
232 0
233 0
234 9803
235 0
236 0
237 51385
238 0
239 0
240 63616
241 0
242 0
243 48011
244 0
245 0
246 48680
247 0
248 0
249 62688
250 0
251 0
252 45863
253 0
254 0
255 36756
256 0
257 0
258 54528
259 0
260 0
261 3326
262 0
263 0
264 23977
265 0
266 0
267 44099
268 0
269 0
270 4987
271 0
272 0
273 13128
274 0
275 0
276 44195
277 0
278 0
279 33627
280 0
281 0
282 1753
283 0
284 0
285 514
286 0
287 0
288 22218
289 0
290 0
291 12597
292 0
293 0
294 53881
295 0
296 0
297 43681
298 0
299 0
300 40468
301 0
302 0
303 5944
304 0
305 0
306 19476
307 0
308 0
309 55521
310 0
311 0
312 5958
313 0
314 0
315 7390
316 0
317 0
318 40432
319 0
320 0
321 41827
322 0
323 0
324 63168
325 0
326 0
327 57139
328 0
329 0
330 23184
331 0
332 0
333 163
334 0
335 0
336 20636
337 0
338 0
339 57011
340 0
341 0
342 34719
343 0
344 0
345 51003
346 0
347 0
348 26798
349 0
350 0
351 2964
352 0
353 0
354 49712
355 0
356 0
357 2664
358 0
359 0
360 57896
361 0
362 0
363 49622
364 0
365 0
366 17907
367 0
368 0
369 35764
370 0
371 0
372 6916
373 0
374 0
375 62577
376 0
377 0
378 25558
379 0
380 0
381 55592
382 0
383 0
384 40472
385 0
386 0
387 41030
388 0
389 0
390 50049
391 0
392 0
393 54659
394 0
395 0
396 47376
397 0
398 0
399 51851
400 0
401 0
402 64090
403 0
404 0
405 57679
406 0
407 0
408 13660
409 0
410 0
411 62381
412 0
413 0
414 25843
415 0
416 0
417 42762
418 0
419 0
420 50489
421 0
422 0
423 50864
424 0
425 0
426 35766
427 0
428 0
429 58582
430 0
431 0
432 56632
433 0
434 0
435 46445
436 0
437 0
438 36712
439 0
440 0
441 21419
442 0
443 0
444 9117
445 0
446 0
447 42097
448 0
449 0
450 40120
451 0
452 0
453 53814
454 0
455 0
456 21920
457 0
458 0
459 3707
460 0
461 0
462 44668
463 0
464 0
465 15497
466 0
467 0
468 56432
469 0
470 0
471 23333
472 0
473 0
474 21632
475 0
476 0
477 40877
478 0
479 0
480 52657
481 0
482 0
483 18395
484 0
485 0
486 22106
487 0
488 0
489 53016
490 0
491 0
492 58428
493 0
494 0
495 26802
496 0
497 0
498 534
499 0
500 0
501 59268
502 0
503 0
504 45161
505 0
506 0
507 34976
508 0
509 0
510 58898
511 0
512 0
513 27166
514 0
515 0
516 57719
517 0
518 0
519 41935
520 0
521 0
522 52276
523 0
524 0
525 45696
526 0
527 0
528 56806
529 0
530 0
531 53555
532 0
533 0
534 58688
535 0
536 0
537 32926
538 0
539 0
540 8603
541 0
542 0
543 64959
544 0
545 0
546 12365
547 0
548 0
549 19610
550 0
551 0
552 35285
553 0
554 0
555 16150
556 0
557 0
558 52109
559 0
560 0
561 38325
562 0
563 0
564 6323
565 0
566 0
567 38129
568 0
569 0
570 40962
571 0
572 0
573 13294
574 0
575 0
576 51030
577 0
578 0
579 35469
580 0
581 0
582 29439
583 0
584 0
585 12605
586 0
587 0
588 42323
589 0
590 0
591 63369
592 0
593 0
594 9652
595 0
596 0
597 28847
598 0
599 0
600 52622
601 0
602 0
603 53719
604 0
605 0
606 48911
607 0
608 0
609 40894
610 0
611 0
612 10053
613 0
614 0
615 43786
616 0
617 0
618 62988
619 0
620 0
621 6222
622 0
623 0
624 27629
625 0
626 0
627 20601
628 0
629 0
630 59229
631 0
632 0
633 4444
634 0
635 0
636 14026
637 0
638 0
639 20981
640 0
641 0
642 10917
643 0
644 0
645 27623
646 0
647 0
648 43365
649 0
650 0
651 42871
652 0
653 0
654 9658
655 0
656 0
657 17341
658 0
659 0
660 14688
661 0
662 0
663 33933
664 0
665 0
666 19464
667 0
668 0
669 16086
670 0
671 0
672 3914
673 0
674 0
675 33390
676 0
677 0
678 54420
679 0
680 0
681 64950
682 0
683 0
684 64630
685 0
686 0
687 34522
688 0
689 0
690 25258
691 0
692 0
693 34570
694 0
695 0
696 11287
697 0
698 0
699 11094
700 0
701 0
702 50134
703 0
704 0
705 29879
706 0
707 0
708 3438
709 0
710 0
711 23912
712 0
713 0
714 54870
715 0
716 0
717 61311
718 0
719 0
720 49841
721 0
722 0
723 15291
724 0
725 0
726 49493
727 0
728 0
729 53773
730 0
731 0
732 38977
733 0
734 0
735 18827
736 0
737 0
738 52308
739 0
740 0
741 50885
742 0
743 0
744 56443
745 0
746 0
747 27045
748 0
749 0
750 48603
751 0
752 0
753 50805
754 0
755 0
756 40963
757 0
758 0
759 56155
760 0
