0 1
1 0
2 0
3 0
4 0
5 0
6 3
7 0
8 0
9 13
10 0
11 0
12 421
13 0
14 0
15 4992
16 0
17 0
18 60303
19 0
20 0
21 24798
22 0
23 0
24 63694
25 0
26 0
27 61320
28 0
29 0
30 10975
31 0
32 0
33 18009
34 0
35 0
36 60387
37 0
38 0
39 49178
40 0
41 0
42 11396
43 0
44 0
45 46926
46 0
47 0
48 10045
49 0
50 0
51 9686
52 0
53 0
54 3551
55 0
56 0
57 5407
58 0
59 0
60 23886
61 0
62 0
63 10052
64 0
65 0
66 2718
67 0
68 0
69 51757
70 0
71 0
72 57684
73 0
74 0
75 33908
76 0
77 0
78 21982
79 0
80 0
81 56683
82 0
83 0
84 45139
85 0
86 0
87 40303
88 0
89 0
90 48459
91 0
92 0
93 56974
94 0
95 0
96 16533
97 0
98 0
99 60228
100 0
101 0
102 31947
103 0
104 0
105 32644
106 0
107 0
108 36772
109 0
110 0
111 65044
112 0
113 0
114 35403
115 0
116 0
117 21293
118 0
119 0
120 41338
121 0
122 0
123 62230
124 0
125 0
126 142
127 0
128 0
129 11443
130 0
131 0
132 12417
133 0
134 0
135 3216
136 0
137 0
138 13365
139 0
140 0
141 62624
142 0
143 0
144 55659
145 0
146 0
147 62900
148 0
149 0
150 1339
151 0
152 0
153 61643
154 0
155 0
156 233
157 0
158 0
159 36385
160 0
161 0
162 21094
163 0
164 0
165 47476
166 0
167 0
168 17694
169 0
170 0
171 49856
172 0
173 0
174 19381
175 0
176 0
177 52455
178 0
179 0
180 34764
181 0
182 0
183 42990
184 0
185 0
186 63843
187 0
188 0
189 24068
190 0
191 0
192 31632
193 0
194 0
195 29752
196 0
197 0
198 46861
199 0
200 0
201 37216
202 0
203 0
204 43994
205 0
206 0
207 45356
208 0
209 0
210 30839
211 0
212 0
213 47916
214 0
215 0
216 49186
217 0
218 0
219 13090
220 0
221 0
222 57362
223 0
224 0
225 13117
226 0
227 0
228 30888
229 0
230 0
231 4011
232 0
233 0
234 61254
235 0
236 0
237 8727
238 0
239 0
240 64388
241 0
242 0
243 53049
244 0
245 0
246 1189
247 0
248 0
249 33142
250 0
251 0
252 40194
253 0
254 0
255 64671
256 0
257 0
258 52938
259 0
260 0
261 27364
262 0
263 0
264 36916
265 0
266 0
267 26458
268 0
269 0
270 14101
271 0
272 0
273 24987
274 0
275 0
276 42238
277 0
278 0
279 38423
280 0
281 0
282 52896
283 0
284 0
285 21150
286 0
287 0
288 31086
289 0
290 0
291 57984
292 0
293 0
294 56943
295 0
296 0
297 19861
298 0
299 0
300 12435
301 0
302 0
303 17770
304 0
305 0
306 14811
307 0
308 0
309 32371
310 0
311 0
312 38488
313 0
314 0
315 22413
316 0
317 0
318 62049
319 0
320 0
321 41918
322 0
323 0
324 7056
325 0
326 0
327 9422
328 0
329 0
330 1085
331 0
332 0
333 24528
334 0
335 0
336 32393
337 0
338 0
339 4678
340 0
341 0
342 24158
343 0
344 0
345 44282
346 0
347 0
348 9177
349 0
350 0
351 63901
352 0
353 0
354 25039
355 0
356 0
357 43262
358 0
359 0
360 23339
361 0
362 0
363 26529
364 0
365 0
366 15656
367 0
368 0
369 50380
370 0
371 0
372 13870
373 0
374 0
375 46047
376 0
377 0
378 32347
379 0
380 0
381 57904
382 0
383 0
384 24917
385 0
386 0
387 44876
388 0
389 0
390 26297
391 0
392 0
393 22789
394 0
395 0
396 19473
397 0
398 0
399 54750
400 0
401 0
402 16743
403 0
404 0
405 43635
406 0
407 0
408 35609
409 0
410 0
411 6446
412 0
413 0
414 60201
415 0
416 0
417 37088
418 0
419 0
420 8605
421 0
422 0
423 60397
424 0
425 0
426 26094
427 0
428 0
429 20595
430 0
431 0
432 61732
433 0
434 0
435 38087
436 0
437 0
438 36123
439 0
440 0
441 62717
442 0
443 0
444 14077
445 0
446 0
447 55451
448 0
449 0
450 10302
451 0
452 0
453 32881
454 0
455 0
456 23760
457 0
458 0
459 49002
460 0
461 0
462 61827
463 0
464 0
465 19728
466 0
467 0
468 8173
469 0
470 0
471 7961
472 0
473 0
474 56182
475 0
476 0
477 16392
478 0
479 0
480 28042
481 0
482 0
483 2151
484 0
485 0
486 27341
487 0
488 0
489 51662
490 0
491 0
492 33617
493 0
494 0
495 59181
496 0
497 0
498 38829
499 0
500 0
501 19041
502 0
503 0
504 54758
505 0
506 0
507 29947
508 0
509 0
510 18039
511 0
512 0
513 16355
514 0
515 0
516 20728
517 0
518 0
519 18631
520 0
521 0
522 57810
523 0
524 0
525 52556
526 0
527 0
528 9401
529 0
530 0
531 27715
532 0
533 0
534 5019
535 0
536 0
537 17039
538 0
539 0
540 2184
541 0
542 0
543 55422
544 0
545 0
546 953
547 0
548 0
549 14010
550 0
551 0
552 34267
553 0
554 0
555 62695
556 0
557 0
558 51616
559 0
560 0
561 37974
562 0
563 0
564 5813
565 0
566 0
567 27123
568 0
569 0
570 43682
571 0
572 0
573 56119
574 0
575 0
576 22725
577 0
578 0
579 15955
580 0
581 0
582 56322
583 0
584 0
585 60825
586 0
587 0
588 50839
589 0
590 0
591 33513
592 0
593 0
594 41313
595 0
596 0
597 53472
598 0
599 0
600 65299
601 0
602 0
603 60040
604 0
605 0
606 60298
607 0
608 0
609 46394
610 0
611 0
612 24474
613 0
614 0
615 1528
616 0
617 0
618 51627
619 0
620 0
621 38006
622 0
623 0
624 22763
625 0
626 0
627 64363
628 0
629 0
630 25397
631 0
632 0
633 13327
634 0
635 0
636 65434
637 0
638 0
639 44193
640 0
641 0
642 56999
643 0
644 0
645 37481
646 0
647 0
648 56406
649 0
650 0
651 44539
652 0
653 0
654 45837
655 0
656 0
657 35250
658 0
659 0
660 46245
661 0
662 0
663 3069
664 0
665 0
666 35600
667 0
668 0
669 42164
670 0
671 0
672 44560
673 0
674 0
675 5507
676 0
677 0
678 7816
679 0
680 0
681 43217
682 0
683 0
684 27572
685 0
686 0
687 56236
688 0
689 0
690 9641
691 0
692 0
693 28570
694 0
695 0
696 7935
697 0
698 0
699 18294
700 0
701 0
702 9451
703 0
704 0
705 36877
706 0
707 0
708 52125
709 0
710 0
711 27863
712 0
713 0
714 4429
715 0
716 0
717 55678
718 0
719 0
720 12773
721 0
722 0
723 51679
724 0
725 0
726 38142
727 0
728 0
729 52156
730 0
731 0
732 1046
733 0
734 0
735 16151
736 0
737 0
738 9316
739 0
740 0
741 53343
742 0
743 0
744 8487
745 0
746 0
747 28477
748 0
749 0
750 49300
751 0
752 0
753 57806
754 0
755 0
756 33042
757 0
758 0
759 37283
760 0
