0 1
1 0
2 0
3 0
4 0
5 0
6 3
7 0
8 0
9 13
10 0
11 0
12 421
13 0
14 0
15 4992
16 0
17 0
18 60303
19 0
20 0
21 25822
22 0
23 0
24 6621
25 0
26 0
27 52503
28 0
29 0
30 20394
31 0
32 0
33 33518
34 0
35 0
36 48272
37 0
38 0
39 13146
40 0
41 0
42 3006
43 0
44 0
45 27738
46 0
47 0
48 25630
49 0
50 0
51 27481
52 0
53 0
54 41342
55 0
56 0
57 6203
58 0
59 0
60 30294
61 0
62 0
63 24982
64 0
65 0
66 17403
67 0
68 0
69 59921
70 0
71 0
72 23093
73 0
74 0
75 36705
76 0
77 0
78 42568
79 0
80 0
81 56129
82 0
83 0
84 40085
85 0
86 0
87 61294
88 0
89 0
90 64822
91 0
92 0
93 34304
94 0
95 0
96 44560
97 0
98 0
99 49748
100 0
101 0
102 7814
103 0
104 0
105 27114
106 0
107 0
108 38365
109 0
110 0
111 37080
112 0
113 0
114 39045
115 0
116 0
117 24940
118 0
119 0
120 6848
121 0
122 0
123 55557
124 0
125 0
126 64744
127 0
128 0
129 49648
130 0
131 0
132 2754
133 0
134 0
135 21
136 0
137 0
138 34558
139 0
140 0
141 2397
142 0
143 0
144 33327
145 0
146 0
147 60501
148 0
149 0
150 52540
151 0
152 0
153 48197
154 0
155 0
156 45093
157 0
158 0
159 18733
160 0
161 0
162 8245
163 0
164 0
165 5297
166 0
167 0
168 18836
169 0
170 0
171 52575
172 0
173 0
174 10209
175 0
176 0
177 63528
178 0
179 0
180 13422
181 0
182 0
183 21712
184 0
185 0
186 7832
187 0
188 0
189 52483
190 0
191 0
192 5113
193 0
194 0
195 43706
196 0
197 0
198 13803
199 0
200 0
201 30668
202 0
203 0
204 42794
205 0
206 0
207 63233
208 0
209 0
210 56771
211 0
212 0
213 32374
214 0
215 0
216 34112
217 0
218 0
219 49063
220 0
221 0
222 19702
223 0
224 0
225 12578
226 0
227 0
228 46468
229 0
230 0
231 4670
232 0
233 0
234 16845
235 0
236 0
237 29958
238 0
239 0
240 4534
241 0
242 0
243 54942
244 0
245 0
246 25614
247 0
248 0
249 57903
250 0
251 0
252 25181
253 0
254 0
255 43350
256 0
257 0
258 473
259 0
260 0
261 37318
262 0
263 0
264 54805
265 0
266 0
267 12769
268 0
269 0
270 4795
271 0
272 0
273 10488
274 0
275 0
276 50978
277 0
278 0
279 7816
280 0
281 0
282 55271
283 0
284 0
285 34919
286 0
287 0
288 61223
289 0
290 0
291 27930
292 0
293 0
294 36865
295 0
296 0
297 7597
298 0
299 0
300 142
301 0
302 0
303 48225
304 0
305 0
306 22954
307 0
308 0
309 44870
310 0
311 0
312 54409
313 0
314 0
315 5503
316 0
317 0
318 23823
319 0
320 0
321 51715
322 0
323 0
324 26193
325 0
326 0
327 13865
328 0
329 0
330 32533
331 0
332 0
333 48929
334 0
335 0
336 31916
337 0
338 0
339 16668
340 0
341 0
342 23790
343 0
344 0
345 29608
346 0
347 0
348 2155
349 0
350 0
351 42689
352 0
353 0
354 3019
355 0
356 0
357 25252
358 0
359 0
360 48003
361 0
362 0
363 40040
364 0
365 0
366 18160
367 0
368 0
369 47856
370 0
371 0
372 6725
373 0
374 0
375 4621
376 0
377 0
378 26949
379 0
380 0
381 61022
382 0
383 0
384 32184
385 0
386 0
387 17524
388 0
389 0
390 28568
391 0
392 0
393 57186
394 0
395 0
396 39810
397 0
398 0
399 307
400 0
401 0
402 11228
403 0
404 0
405 54116
406 0
407 0
408 5483
409 0
410 0
411 11456
412 0
413 0
414 50088
415 0
416 0
417 3336
418 0
419 0
420 938
421 0
422 0
423 51800
424 0
425 0
426 9192
427 0
428 0
429 28306
430 0
431 0
432 122
433 0
434 0
435 2674
436 0
437 0
438 52143
439 0
440 0
441 14406
442 0
443 0
444 42292
445 0
446 0
447 1029
448 0
449 0
450 3263
451 0
452 0
453 26742
454 0
455 0
456 10010
457 0
458 0
459 28770
460 0
461 0
462 7975
463 0
464 0
465 43880
466 0
467 0
468 49514
469 0
470 0
471 19697
472 0
473 0
474 19839
475 0
476 0
477 20845
478 0
479 0
480 31950
481 0
482 0
483 64576
484 0
485 0
486 23623
487 0
488 0
489 22361
490 0
491 0
492 9520
493 0
494 0
495 61050
496 0
497 0
498 32775
499 0
500 0
501 51490
502 0
503 0
504 60176
505 0
506 0
507 14376
508 0
509 0
510 17876
511 0
512 0
513 61190
514 0
515 0
516 4106
517 0
518 0
519 64909
520 0
521 0
522 53128
523 0
524 0
525 5961
526 0
527 0
528 41651
529 0
530 0
531 990
532 0
533 0
534 34547
535 0
536 0
537 6169
538 0
539 0
540 45968
541 0
542 0
543 62463
544 0
545 0
546 31053
547 0
548 0
549 10842
550 0
551 0
552 11370
553 0
554 0
555 24041
556 0
557 0
558 24608
559 0
560 0
561 44145
562 0
563 0
564 61215
565 0
566 0
567 64668
568 0
569 0
570 25544
571 0
572 0
573 3859
574 0
575 0
576 58369
577 0
578 0
579 20091
580 0
581 0
582 51136
583 0
584 0
585 5834
586 0
587 0
588 3213
589 0
590 0
591 58306
592 0
593 0
594 3869
595 0
596 0
597 17364
598 0
599 0
600 47137
601 0
602 0
603 19688
604 0
605 0
606 9637
607 0
608 0
609 30385
610 0
611 0
612 10017
613 0
614 0
615 59705
616 0
617 0
618 31083
619 0
620 0
621 64665
622 0
623 0
624 52933
625 0
626 0
627 8975
628 0
629 0
630 3631
631 0
632 0
633 102
634 0
635 0
636 49560
637 0
638 0
639 35692
640 0
641 0
642 36754
643 0
644 0
645 34531
646 0
647 0
648 43455
649 0
650 0
651 52075
652 0
653 0
654 12657
655 0
656 0
657 44125
658 0
659 0
660 8649
661 0
662 0
663 47006
664 0
665 0
666 56346
667 0
668 0
669 40239
670 0
671 0
672 63725
673 0
674 0
675 64900
676 0
677 0
678 62314
679 0
680 0
681 38622
682 0
683 0
684 29982
685 0
686 0
687 46165
688 0
689 0
690 24155
691 0
692 0
693 18799
694 0
695 0
696 64692
697 0
698 0
699 61950
700 0
701 0
702 16970
703 0
704 0
705 61007
706 0
707 0
708 451
709 0
710 0
711 60891
712 0
713 0
714 16813
715 0
716 0
717 51742
718 0
719 0
720 38158
721 0
722 0
723 64061
724 0
725 0
726 29421
727 0
728 0
729 57347
730 0
731 0
732 23571
733 0
734 0
735 37550
736 0
737 0
738 35846
739 0
740 0
741 26602
742 0
743 0
744 60209
745 0
746 0
747 13796
748 0
749 0
750 52526
751 0
752 0
753 9303
754 0
755 0
756 44266
757 0
758 0
759 8789
760 0
