0 1
1 0
2 0
3 0
4 0
5 0
6 3
7 0
8 0
9 13
10 0
11 0
12 421
13 0
14 0
15 4992
16 0
17 0
18 60303
19 0
20 0
21 25998
22 0
23 0
24 8073
25 0
26 0
27 62249
28 0
29 0
30 12949
31 0
32 0
33 13387
34 0
35 0
36 17903
37 0
38 0
39 21803
40 0
41 0
42 31301
43 0
44 0
45 53282
46 0
47 0
48 31765
49 0
50 0
51 41264
52 0
53 0
54 57015
55 0
56 0
57 43899
58 0
59 0
60 43324
61 0
62 0
63 36708
64 0
65 0
66 53129
67 0
68 0
69 40865
70 0
71 0
72 47387
73 0
74 0
75 7648
76 0
77 0
78 62167
79 0
80 0
81 62046
82 0
83 0
84 52011
85 0
86 0
87 7935
88 0
89 0
90 1011
91 0
92 0
93 43749
94 0
95 0
96 12312
97 0
98 0
99 21717
100 0
101 0
102 7477
103 0
104 0
105 39495
106 0
107 0
108 29909
109 0
110 0
111 57528
112 0
113 0
114 24114
115 0
116 0
117 28565
118 0
119 0
120 19526
121 0
122 0
123 19809
124 0
125 0
126 43945
127 0
128 0
129 19796
130 0
131 0
132 17853
133 0
134 0
135 1718
136 0
137 0
138 16839
139 0
140 0
141 35808
142 0
143 0
144 8597
145 0
146 0
147 26261
148 0
149 0
150 54101
151 0
152 0
153 18090
154 0
155 0
156 12803
157 0
158 0
159 53747
160 0
161 0
162 27020
163 0
164 0
165 24231
166 0
167 0
168 43975
169 0
170 0
171 7637
172 0
173 0
174 54380
175 0
176 0
177 1058
178 0
179 0
180 53569
181 0
182 0
183 24008
184 0
185 0
186 57756
187 0
188 0
189 33634
190 0
191 0
192 6497
193 0
194 0
195 5136
196 0
197 0
198 35994
199 0
200 0
201 19967
202 0
203 0
204 46028
205 0
206 0
207 47560
208 0
209 0
210 50472
211 0
212 0
213 53600
214 0
215 0
216 21193
217 0
218 0
219 16837
220 0
221 0
222 38009
223 0
224 0
225 33415
226 0
227 0
228 38716
229 0
230 0
231 18591
232 0
233 0
234 27332
235 0
236 0
237 35248
238 0
239 0
240 1517
241 0
242 0
243 45301
244 0
245 0
246 57453
247 0
248 0
249 65240
250 0
251 0
252 36951
253 0
254 0
255 32668
256 0
257 0
258 64741
259 0
260 0
261 54979
262 0
263 0
264 49549
265 0
266 0
267 45691
268 0
269 0
270 10662
271 0
272 0
273 42611
274 0
275 0
276 490
277 0
278 0
279 22734
280 0
281 0
282 45028
283 0
284 0
285 29011
286 0
287 0
288 59538
289 0
290 0
291 27485
292 0
293 0
294 54293
295 0
296 0
297 18279
298 0
299 0
300 53750
301 0
302 0
303 21206
304 0
305 0
306 20238
307 0
308 0
309 50192
310 0
311 0
312 25995
313 0
314 0
315 52755
316 0
317 0
318 24055
319 0
320 0
321 8244
322 0
323 0
324 24508
325 0
326 0
327 23971
328 0
329 0
330 50398
331 0
332 0
333 12023
334 0
335 0
336 777
337 0
338 0
339 61732
340 0
341 0
342 2793
343 0
344 0
345 35048
346 0
347 0
348 28365
349 0
350 0
351 22987
352 0
353 0
354 27081
355 0
356 0
357 37533
358 0
359 0
360 25976
361 0
362 0
363 59270
364 0
365 0
366 56060
367 0
368 0
369 49431
370 0
371 0
372 18231
373 0
374 0
375 61827
376 0
377 0
378 52593
379 0
380 0
381 38149
382 0
383 0
384 15141
385 0
386 0
387 18599
388 0
389 0
390 43249
391 0
392 0
393 48226
394 0
395 0
396 56944
397 0
398 0
399 17626
400 0
401 0
402 25724
403 0
404 0
405 50311
406 0
407 0
408 29967
409 0
410 0
411 61116
412 0
413 0
414 52427
415 0
416 0
417 4882
418 0
419 0
420 34944
421 0
422 0
423 30477
424 0
425 0
426 39011
427 0
428 0
429 49910
430 0
431 0
432 46293
433 0
434 0
435 62429
436 0
437 0
438 6563
439 0
440 0
441 63808
442 0
443 0
444 26286
445 0
446 0
447 58117
448 0
449 0
450 53557
451 0
452 0
453 33101
454 0
455 0
456 59752
457 0
458 0
459 58366
460 0
461 0
462 27946
463 0
464 0
465 58135
466 0
467 0
468 3418
469 0
470 0
471 1587
472 0
473 0
474 5674
475 0
476 0
477 49982
478 0
479 0
480 17260
481 0
482 0
483 49408
484 0
485 0
486 46690
487 0
488 0
489 22596
490 0
491 0
492 54097
493 0
494 0
495 56954
496 0
497 0
498 24583
499 0
500 0
501 64129
502 0
503 0
504 32361
505 0
506 0
507 11085
508 0
509 0
510 15223
511 0
512 0
513 12249
514 0
515 0
516 57627
517 0
518 0
519 41946
520 0
521 0
522 22512
523 0
524 0
525 25681
526 0
527 0
528 45339
529 0
530 0
531 13509
532 0
533 0
534 20688
535 0
536 0
537 44961
538 0
539 0
540 62892
541 0
542 0
543 48219
544 0
545 0
546 11533
547 0
548 0
549 3326
550 0
551 0
552 56724
553 0
554 0
555 40878
556 0
557 0
558 17450
559 0
560 0
561 36843
562 0
563 0
564 45536
565 0
566 0
567 55143
568 0
569 0
570 42828
571 0
572 0
573 35872
574 0
575 0
576 23885
577 0
578 0
579 16014
580 0
581 0
582 38235
583 0
584 0
585 24839
586 0
587 0
588 22324
589 0
590 0
591 33130
592 0
593 0
594 12716
595 0
596 0
597 62921
598 0
599 0
600 59824
601 0
602 0
603 30772
604 0
605 0
606 56614
607 0
608 0
609 16540
610 0
611 0
612 55514
613 0
614 0
615 23696
616 0
617 0
618 26486
619 0
620 0
621 28815
622 0
623 0
624 6126
625 0
626 0
627 23764
628 0
629 0
630 16693
631 0
632 0
633 33519
634 0
635 0
636 35448
637 0
638 0
639 24438
640 0
641 0
642 5897
643 0
644 0
645 8815
646 0
647 0
648 23438
649 0
650 0
651 49470
652 0
653 0
654 51450
655 0
656 0
657 32395
658 0
659 0
660 813
661 0
662 0
663 41239
664 0
665 0
666 5036
667 0
668 0
669 42902
670 0
671 0
672 39657
673 0
674 0
675 9270
676 0
677 0
678 40500
679 0
680 0
681 25419
682 0
683 0
684 1704
685 0
686 0
687 23440
688 0
689 0
690 8576
691 0
692 0
693 49450
694 0
695 0
696 33827
697 0
698 0
699 65097
700 0
701 0
702 42010
703 0
704 0
705 27559
706 0
707 0
708 13854
709 0
710 0
711 61247
712 0
713 0
714 61773
715 0
716 0
717 45683
718 0
719 0
720 33909
721 0
722 0
723 34720
724 0
725 0
726 40741
727 0
728 0
729 10228
730 0
731 0
732 51261
733 0
734 0
735 33289
736 0
737 0
738 40151
739 0
740 0
741 9449
742 0
743 0
744 8943
745 0
746 0
747 28354
748 0
749 0
750 43115
751 0
752 0
753 32165
754 0
755 0
756 3672
757 0
758 0
759 55748
760 0
