0 1
1 0
2 0
3 0
4 0
5 0
6 3
7 0
8 0
9 13
10 0
11 0
12 421
13 0
14 0
15 4992
16 0
17 0
18 60303
19 0
20 0
21 24814
22 0
23 0
24 63824
25 0
26 0
27 62204
28 0
29 0
30 16231
31 0
32 0
33 45839
34 0
35 0
36 63011
37 0
38 0
39 47481
40 0
41 0
42 45556
43 0
44 0
45 16851
46 0
47 0
48 28890
49 0
50 0
51 10518
52 0
53 0
54 41976
55 0
56 0
57 44692
58 0
59 0
60 14210
61 0
62 0
63 7707
64 0
65 0
66 7700
67 0
68 0
69 19649
70 0
71 0
72 54967
73 0
74 0
75 47596
76 0
77 0
78 59551
79 0
80 0
81 508
82 0
83 0
84 35593
85 0
86 0
87 7381
88 0
89 0
90 5757
91 0
92 0
93 1444
94 0
95 0
96 29226
97 0
98 0
99 16556
100 0
101 0
102 10179
103 0
104 0
105 50040
106 0
107 0
108 64056
109 0
110 0
111 58070
112 0
113 0
114 40028
115 0
116 0
117 43842
118 0
119 0
120 22657
121 0
122 0
123 25207
124 0
125 0
126 15251
127 0
128 0
129 21586
130 0
131 0
132 39107
133 0
134 0
135 38549
136 0
137 0
138 1757
139 0
140 0
141 55021
142 0
143 0
144 13320
145 0
146 0
147 36562
148 0
149 0
150 61967
151 0
152 0
153 2574
154 0
155 0
156 44211
157 0
158 0
159 18239
160 0
161 0
162 13107
163 0
164 0
165 57590
166 0
167 0
168 34464
169 0
170 0
171 53611
172 0
173 0
174 42005
175 0
176 0
177 514
178 0
179 0
180 53691
181 0
182 0
183 61021
184 0
185 0
186 12667
187 0
188 0
189 7372
190 0
191 0
192 58798
193 0
194 0
195 50180
196 0
197 0
198 3701
199 0
200 0
201 23633
202 0
203 0
204 60370
205 0
206 0
207 48852
208 0
209 0
210 20689
211 0
212 0
213 19254
214 0
215 0
216 35603
217 0
218 0
219 18646
220 0
221 0
222 55597
223 0
224 0
225 28653
226 0
227 0
228 46636
229 0
230 0
231 33132
232 0
233 0
234 65393
235 0
236 0
237 36338
238 0
239 0
240 56357
241 0
242 0
243 5817
244 0
245 0
246 59932
247 0
248 0
249 46063
250 0
251 0
252 53825
253 0
254 0
255 32698
256 0
257 0
258 22755
259 0
260 0
261 39304
262 0
263 0
264 11152
265 0
266 0
267 42405
268 0
269 0
270 51023
271 0
272 0
273 33933
274 0
275 0
276 52790
277 0
278 0
279 54830
280 0
281 0
282 58960
283 0
284 0
285 50354
286 0
287 0
288 19885
289 0
290 0
291 47802
292 0
293 0
294 13119
295 0
296 0
297 23204
298 0
299 0
300 13409
301 0
302 0
303 28592
304 0
305 0
306 37341
307 0
308 0
309 40064
310 0
311 0
312 20097
313 0
314 0
315 19017
316 0
317 0
318 54372
319 0
320 0
321 21830
322 0
323 0
324 15606
325 0
326 0
327 39874
328 0
329 0
330 32722
331 0
332 0
333 26949
334 0
335 0
336 39508
337 0
338 0
339 47122
340 0
341 0
342 17560
343 0
344 0
345 44801
346 0
347 0
348 13175
349 0
350 0
351 16353
352 0
353 0
354 58613
355 0
356 0
357 51388
358 0
359 0
360 18910
361 0
362 0
363 34102
364 0
365 0
366 18590
367 0
368 0
369 20840
370 0
371 0
372 9065
373 0
374 0
375 9735
376 0
377 0
378 55003
379 0
380 0
381 5021
382 0
383 0
384 40631
385 0
386 0
387 34493
388 0
389 0
390 31461
391 0
392 0
393 44102
394 0
395 0
396 58204
397 0
398 0
399 19653
400 0
401 0
402 51076
403 0
404 0
405 34142
406 0
407 0
408 8561
409 0
410 0
411 63222
412 0
413 0
414 23728
415 0
416 0
417 53056
418 0
419 0
420 11044
421 0
422 0
423 3445
424 0
425 0
426 4725
427 0
428 0
429 45884
430 0
431 0
432 34305
433 0
434 0
435 6083
436 0
437 0
438 3745
439 0
440 0
441 29884
442 0
443 0
444 39970
445 0
446 0
447 61979
448 0
449 0
450 31893
451 0
452 0
453 46106
454 0
455 0
456 40212
457 0
458 0
459 63279
460 0
461 0
462 15355
463 0
464 0
465 2768
466 0
467 0
468 45171
469 0
470 0
471 11412
472 0
473 0
474 27668
475 0
476 0
477 56536
478 0
479 0
480 6289
481 0
482 0
483 60709
484 0
485 0
486 2613
487 0
488 0
489 50886
490 0
491 0
492 59283
493 0
494 0
495 22232
496 0
497 0
498 25423
499 0
500 0
501 42492
502 0
503 0
504 29380
505 0
506 0
507 30734
508 0
509 0
510 47337
511 0
512 0
513 30819
514 0
515 0
516 14710
517 0
518 0
519 23044
520 0
521 0
522 20927
523 0
524 0
525 19192
526 0
527 0
528 52782
529 0
530 0
531 31319
532 0
533 0
534 55965
535 0
536 0
537 44056
538 0
539 0
540 51660
541 0
542 0
543 56083
544 0
545 0
546 12430
547 0
548 0
549 14975
550 0
551 0
552 34327
553 0
554 0
555 33045
556 0
557 0
558 3666
559 0
560 0
561 42458
562 0
563 0
564 33857
565 0
566 0
567 18618
568 0
569 0
570 52291
571 0
572 0
573 9952
574 0
575 0
576 46170
577 0
578 0
579 13894
580 0
581 0
582 37224
583 0
584 0
585 3891
586 0
587 0
588 10630
589 0
590 0
591 339
592 0
593 0
594 14067
595 0
596 0
597 5274
598 0
599 0
600 20068
601 0
602 0
603 47992
604 0
605 0
606 44882
607 0
608 0
609 16431
610 0
611 0
612 28520
613 0
614 0
615 42666
616 0
617 0
618 22696
619 0
620 0
621 54977
622 0
623 0
624 22208
625 0
626 0
627 40740
628 0
629 0
630 13240
631 0
632 0
633 9435
634 0
635 0
636 23298
637 0
638 0
639 61069
640 0
641 0
642 10297
643 0
644 0
645 10314
646 0
647 0
648 4956
649 0
650 0
651 8058
652 0
653 0
654 37403
655 0
656 0
657 43005
658 0
659 0
660 13978
661 0
662 0
663 12173
664 0
665 0
666 54387
667 0
668 0
669 29594
670 0
671 0
672 59937
673 0
674 0
675 7417
676 0
677 0
678 21167
679 0
680 0
681 16796
682 0
683 0
684 22166
685 0
686 0
687 53958
688 0
689 0
690 54775
691 0
692 0
693 4570
694 0
695 0
696 55818
697 0
698 0
699 5261
700 0
701 0
702 31292
703 0
704 0
705 27422
706 0
707 0
708 63901
709 0
710 0
711 2091
712 0
713 0
714 17933
715 0
716 0
717 22084
718 0
719 0
720 25014
721 0
722 0
723 19277
724 0
725 0
726 587
727 0
728 0
729 9290
730 0
731 0
732 4690
733 0
734 0
735 5132
736 0
737 0
738 64914
739 0
740 0
741 45127
742 0
743 0
744 34591
745 0
746 0
747 51199
748 0
749 0
750 34562
751 0
752 0
753 62026
754 0
755 0
756 49084
757 0
758 0
759 4915
760 0
