0 1
1 0
2 0
3 0
4 0
5 0
6 3
7 0
8 0
9 13
10 0
11 0
12 421
13 0
14 0
15 4992
16 0
17 0
18 60303
19 0
20 0
21 25470
22 0
23 0
24 3717
25 0
26 0
27 33011
28 0
29 0
30 35416
31 0
32 0
33 9003
34 0
35 0
36 46609
37 0
38 0
39 8900
40 0
41 0
42 65049
43 0
44 0
45 47736
46 0
47 0
48 12821
49 0
50 0
51 61763
52 0
53 0
54 63855
55 0
56 0
57 1386
58 0
59 0
60 11101
61 0
62 0
63 49349
64 0
65 0
66 62644
67 0
68 0
69 5435
70 0
71 0
72 61042
73 0
74 0
75 40600
76 0
77 0
78 52975
79 0
80 0
81 23607
82 0
83 0
84 44693
85 0
86 0
87 6911
88 0
89 0
90 50413
91 0
92 0
93 8110
94 0
95 0
96 30477
97 0
98 0
99 11155
100 0
101 0
102 24457
103 0
104 0
105 6800
106 0
107 0
108 57586
109 0
110 0
111 17018
112 0
113 0
114 35596
115 0
116 0
117 33501
118 0
119 0
120 53985
121 0
122 0
123 3128
124 0
125 0
126 40664
127 0
128 0
129 63415
130 0
131 0
132 28484
133 0
134 0
135 58207
136 0
137 0
138 14628
139 0
140 0
141 17623
142 0
143 0
144 37809
145 0
146 0
147 20886
148 0
149 0
150 32077
151 0
152 0
153 11633
154 0
155 0
156 16042
157 0
158 0
159 5649
160 0
161 0
162 21898
163 0
164 0
165 43915
166 0
167 0
168 61824
169 0
170 0
171 3399
172 0
173 0
174 33626
175 0
176 0
177 54838
178 0
179 0
180 51525
181 0
182 0
183 57803
184 0
185 0
186 57382
187 0
188 0
189 36649
190 0
191 0
192 33397
193 0
194 0
195 8739
196 0
197 0
198 30872
199 0
200 0
201 31021
202 0
203 0
204 56440
205 0
206 0
207 28798
208 0
209 0
210 39488
211 0
212 0
213 54698
214 0
215 0
216 55607
217 0
218 0
219 39283
220 0
221 0
222 43546
223 0
224 0
225 58740
226 0
227 0
228 28301
229 0
230 0
231 936
232 0
233 0
234 53873
235 0
236 0
237 62115
238 0
239 0
240 43324
241 0
242 0
243 4213
244 0
245 0
246 61442
247 0
248 0
249 48641
250 0
251 0
252 47567
253 0
254 0
255 28952
256 0
257 0
258 57237
259 0
260 0
261 45477
262 0
263 0
264 4832
265 0
266 0
267 29525
268 0
269 0
270 57525
271 0
272 0
273 20834
274 0
275 0
276 15245
277 0
278 0
279 35960
280 0
281 0
282 35378
283 0
284 0
285 3297
286 0
287 0
288 4737
289 0
290 0
291 32531
292 0
293 0
294 31862
295 0
296 0
297 59555
298 0
299 0
300 27645
301 0
302 0
303 49586
304 0
305 0
306 6617
307 0
308 0
309 43187
310 0
311 0
312 26987
313 0
314 0
315 2562
316 0
317 0
318 4060
319 0
320 0
321 32062
322 0
323 0
324 58965
325 0
326 0
327 48197
328 0
329 0
330 50323
331 0
332 0
333 45829
334 0
335 0
336 54861
337 0
338 0
339 24728
340 0
341 0
342 9099
343 0
344 0
345 36790
346 0
347 0
348 48096
349 0
350 0
351 12394
352 0
353 0
354 21746
355 0
356 0
357 35997
358 0
359 0
360 35420
361 0
362 0
363 56686
364 0
365 0
366 22428
367 0
368 0
369 38647
370 0
371 0
372 11882
373 0
374 0
375 208
376 0
377 0
378 46337
379 0
380 0
381 40986
382 0
383 0
384 45350
385 0
386 0
387 12352
388 0
389 0
390 2667
391 0
392 0
393 48972
394 0
395 0
396 31000
397 0
398 0
399 18155
400 0
401 0
402 32700
403 0
404 0
405 39526
406 0
407 0
408 27064
409 0
410 0
411 34262
412 0
413 0
414 7306
415 0
416 0
417 6575
418 0
419 0
420 62934
421 0
422 0
423 34812
424 0
425 0
426 12626
427 0
428 0
429 22919
430 0
431 0
432 27137
433 0
434 0
435 31908
436 0
437 0
438 26959
439 0
440 0
441 60800
442 0
443 0
444 26286
445 0
446 0
447 23904
448 0
449 0
450 12839
451 0
452 0
453 57877
454 0
455 0
456 56624
457 0
458 0
459 25737
460 0
461 0
462 16909
463 0
464 0
465 53085
466 0
467 0
468 54791
469 0
470 0
471 14724
472 0
473 0
474 58771
475 0
476 0
477 10888
478 0
479 0
480 49188
481 0
482 0
483 15783
484 0
485 0
486 31785
487 0
488 0
489 58421
490 0
491 0
492 17782
493 0
494 0
495 20411
496 0
497 0
498 5240
499 0
500 0
501 50848
502 0
503 0
504 7276
505 0
506 0
507 48348
508 0
509 0
510 32696
511 0
512 0
513 11441
514 0
515 0
516 57606
517 0
518 0
519 62836
520 0
521 0
522 46135
523 0
524 0
525 60136
526 0
527 0
528 35421
529 0
530 0
531 18176
532 0
533 0
534 22574
535 0
536 0
537 40253
538 0
539 0
540 54524
541 0
542 0
543 8769
544 0
545 0
546 8750
547 0
548 0
549 64329
550 0
551 0
552 10636
553 0
554 0
555 27551
556 0
557 0
558 43299
559 0
560 0
561 46420
562 0
563 0
564 22300
565 0
566 0
567 43890
568 0
569 0
570 43093
571 0
572 0
573 52901
574 0
575 0
576 35661
577 0
578 0
579 32856
580 0
581 0
582 19194
583 0
584 0
585 6789
586 0
587 0
588 30926
589 0
590 0
591 51576
592 0
593 0
594 21614
595 0
596 0
597 62943
598 0
599 0
600 10072
601 0
602 0
603 1502
604 0
605 0
606 30279
607 0
608 0
609 3957
610 0
611 0
612 7175
613 0
614 0
615 8695
616 0
617 0
618 13170
619 0
620 0
621 28191
622 0
623 0
624 5558
625 0
626 0
627 3724
628 0
629 0
630 20776
631 0
632 0
633 57109
634 0
635 0
636 55048
637 0
638 0
639 31518
640 0
641 0
642 7221
643 0
644 0
645 44350
646 0
647 0
648 56145
649 0
650 0
651 27199
652 0
653 0
654 22050
655 0
656 0
657 59990
658 0
659 0
660 45749
661 0
662 0
663 41412
664 0
665 0
666 4356
667 0
668 0
669 16226
670 0
671 0
672 48367
673 0
674 0
675 27416
676 0
677 0
678 46705
679 0
680 0
681 46498
682 0
683 0
684 7219
685 0
686 0
687 4507
688 0
689 0
690 2893
691 0
692 0
693 29233
694 0
695 0
696 24372
697 0
698 0
699 16795
700 0
701 0
702 14314
703 0
704 0
705 23158
706 0
707 0
708 50708
709 0
710 0
711 9378
712 0
713 0
714 50349
715 0
716 0
717 41902
718 0
719 0
720 25318
721 0
722 0
723 62218
724 0
725 0
726 58081
727 0
728 0
729 7282
730 0
731 0
732 62852
733 0
734 0
735 64542
736 0
737 0
738 55426
739 0
740 0
741 25500
742 0
743 0
744 31268
745 0
746 0
747 50823
748 0
749 0
750 43217
751 0
752 0
753 42342
754 0
755 0
756 64652
757 0
758 0
759 20852
760 0
