0 1
1 0
2 0
3 0
4 0
5 0
6 3
7 0
8 0
9 13
10 0
11 0
12 421
13 0
14 0
15 4992
16 0
17 0
18 60303
19 0
20 0
21 26110
22 0
23 0
24 8997
25 0
26 0
27 3094
28 0
29 0
30 49825
31 0
32 0
33 12574
34 0
35 0
36 40695
37 0
38 0
39 29580
40 0
41 0
42 22890
43 0
44 0
45 15465
46 0
47 0
48 79
49 0
50 0
51 12116
52 0
53 0
54 56355
55 0
56 0
57 28918
58 0
59 0
60 39714
61 0
62 0
63 38789
64 0
65 0
66 27885
67 0
68 0
69 50388
70 0
71 0
72 29653
73 0
74 0
75 938
76 0
77 0
78 42440
79 0
80 0
81 55528
82 0
83 0
84 10488
85 0
86 0
87 60765
88 0
89 0
90 63332
91 0
92 0
93 34598
94 0
95 0
96 46281
97 0
98 0
99 8700
100 0
101 0
102 61218
103 0
104 0
105 57433
106 0
107 0
108 56432
109 0
110 0
111 56613
112 0
113 0
114 59889
115 0
116 0
117 15896
118 0
119 0
120 60650
121 0
122 0
123 34406
124 0
125 0
126 24171
127 0
128 0
129 417
130 0
131 0
132 5875
133 0
134 0
135 8985
136 0
137 0
138 40682
139 0
140 0
141 19125
142 0
143 0
144 53688
145 0
146 0
147 36982
148 0
149 0
150 59936
151 0
152 0
153 54884
154 0
155 0
156 19588
157 0
158 0
159 34509
160 0
161 0
162 46899
163 0
164 0
165 43207
166 0
167 0
168 42731
169 0
170 0
171 3928
172 0
173 0
174 929
175 0
176 0
177 56173
178 0
179 0
180 19658
181 0
182 0
183 39816
184 0
185 0
186 31286
187 0
188 0
189 37546
190 0
191 0
192 20132
193 0
194 0
195 19070
196 0
197 0
198 41186
199 0
200 0
201 25083
202 0
203 0
204 50003
205 0
206 0
207 378
208 0
209 0
210 65267
211 0
212 0
213 12909
214 0
215 0
216 43912
217 0
218 0
219 25798
220 0
221 0
222 56683
223 0
224 0
225 4277
226 0
227 0
228 44111
229 0
230 0
231 32097
232 0
233 0
234 35234
235 0
236 0
237 40600
238 0
239 0
240 8791
241 0
242 0
243 32502
244 0
245 0
246 48926
247 0
248 0
249 36108
250 0
251 0
252 49269
253 0
254 0
255 29572
256 0
257 0
258 49850
259 0
260 0
261 49317
262 0
263 0
264 62680
265 0
266 0
267 35381
268 0
269 0
270 40423
271 0
272 0
273 28057
274 0
275 0
276 36241
277 0
278 0
279 43601
280 0
281 0
282 50792
283 0
284 0
285 39735
286 0
287 0
288 38888
289 0
290 0
291 46269
292 0
293 0
294 21964
295 0
296 0
297 44235
298 0
299 0
300 20090
301 0
302 0
303 32349
304 0
305 0
306 54018
307 0
308 0
309 4626
310 0
311 0
312 49636
313 0
314 0
315 13655
316 0
317 0
318 28184
319 0
320 0
321 28249
322 0
323 0
324 14532
325 0
326 0
327 49321
328 0
329 0
330 60557
331 0
332 0
333 40886
334 0
335 0
336 32515
337 0
338 0
339 25323
340 0
341 0
342 22059
343 0
344 0
345 45610
346 0
347 0
348 54883
349 0
350 0
351 36080
352 0
353 0
354 7559
355 0
356 0
357 28819
358 0
359 0
360 61244
361 0
362 0
363 62072
364 0
365 0
366 64119
367 0
368 0
369 38839
370 0
371 0
372 57034
373 0
374 0
375 41939
376 0
377 0
378 63564
379 0
380 0
381 55619
382 0
383 0
384 25095
385 0
386 0
387 61426
388 0
389 0
390 8755
391 0
392 0
393 10654
394 0
395 0
396 28842
397 0
398 0
399 34776
400 0
401 0
402 39418
403 0
404 0
405 26939
406 0
407 0
408 13149
409 0
410 0
411 12566
412 0
413 0
414 33153
415 0
416 0
417 46485
418 0
419 0
420 46982
421 0
422 0
423 56222
424 0
425 0
426 58290
427 0
428 0
429 34974
430 0
431 0
432 43825
433 0
434 0
435 46535
436 0
437 0
438 35182
439 0
440 0
441 31301
442 0
443 0
444 53340
445 0
446 0
447 47977
448 0
449 0
450 16713
451 0
452 0
453 22823
454 0
455 0
456 36690
457 0
458 0
459 18977
460 0
461 0
462 49647
463 0
464 0
465 7618
466 0
467 0
468 64525
469 0
470 0
471 46651
472 0
473 0
474 52779
475 0
476 0
477 51561
478 0
479 0
480 20028
481 0
482 0
483 58201
484 0
485 0
486 38751
487 0
488 0
489 14152
490 0
491 0
492 3816
493 0
494 0
495 6709
496 0
497 0
498 65227
499 0
500 0
501 56867
502 0
503 0
504 36618
505 0
506 0
507 731
508 0
509 0
510 20332
511 0
512 0
513 28926
514 0
515 0
516 63544
517 0
518 0
519 61522
520 0
521 0
522 19405
523 0
524 0
525 58567
526 0
527 0
528 1691
529 0
530 0
531 64180
532 0
533 0
534 27833
535 0
536 0
537 15602
538 0
539 0
540 53255
541 0
542 0
543 31347
544 0
545 0
546 33668
547 0
548 0
549 22731
550 0
551 0
552 23103
553 0
554 0
555 37224
556 0
557 0
558 47087
559 0
560 0
561 16114
562 0
563 0
564 46489
565 0
566 0
567 63198
568 0
569 0
570 4513
571 0
572 0
573 32583
574 0
575 0
576 6134
577 0
578 0
579 62950
580 0
581 0
582 19189
583 0
584 0
585 11243
586 0
587 0
588 10066
589 0
590 0
591 37571
592 0
593 0
594 32563
595 0
596 0
597 26938
598 0
599 0
600 20424
601 0
602 0
603 14871
604 0
605 0
606 17056
607 0
608 0
609 8857
610 0
611 0
612 8401
613 0
614 0
615 39277
616 0
617 0
618 36415
619 0
620 0
621 6516
622 0
623 0
624 13224
625 0
626 0
627 11732
628 0
629 0
630 19363
631 0
632 0
633 17147
634 0
635 0
636 49614
637 0
638 0
639 20054
640 0
641 0
642 50294
643 0
644 0
645 39842
646 0
647 0
648 5377
649 0
650 0
651 42213
652 0
653 0
654 58974
655 0
656 0
657 38598
658 0
659 0
660 16386
661 0
662 0
663 44396
664 0
665 0
666 58315
667 0
668 0
669 61944
670 0
671 0
672 18537
673 0
674 0
675 11372
676 0
677 0
678 55420
679 0
680 0
681 63811
682 0
683 0
684 39070
685 0
686 0
687 1843
688 0
689 0
690 27671
691 0
692 0
693 55996
694 0
695 0
696 18182
697 0
698 0
699 41967
700 0
701 0
702 37084
703 0
704 0
705 39043
706 0
707 0
708 36972
709 0
710 0
711 59647
712 0
713 0
714 8980
715 0
716 0
717 33610
718 0
719 0
720 38163
721 0
722 0
723 18037
724 0
725 0
726 64945
727 0
728 0
729 34363
730 0
731 0
732 57718
733 0
734 0
735 62113
736 0
737 0
738 23333
739 0
740 0
741 38861
742 0
743 0
744 27467
745 0
746 0
747 60532
748 0
749 0
750 57842
751 0
752 0
753 62710
754 0
755 0
756 10435
757 0
758 0
759 37463
760 0
