0 1
1 0
2 0
3 0
4 0
5 0
6 3
7 0
8 0
9 13
10 0
11 0
12 421
13 0
14 0
15 4992
16 0
17 0
18 60303
19 0
20 0
21 25662
22 0
23 0
24 5301
25 0
26 0
27 43643
28 0
29 0
30 33147
31 0
32 0
33 16330
34 0
35 0
36 17292
37 0
38 0
39 9056
40 0
41 0
42 34297
43 0
44 0
45 3468
46 0
47 0
48 55653
49 0
50 0
51 60121
52 0
53 0
54 27267
55 0
56 0
57 41859
58 0
59 0
60 53070
61 0
62 0
63 1829
64 0
65 0
66 16113
67 0
68 0
69 42456
70 0
71 0
72 64049
73 0
74 0
75 51358
76 0
77 0
78 62614
79 0
80 0
81 5230
82 0
83 0
84 40585
85 0
86 0
87 4568
88 0
89 0
90 18971
91 0
92 0
93 40207
94 0
95 0
96 60498
97 0
98 0
99 16152
100 0
101 0
102 9129
103 0
104 0
105 23535
106 0
107 0
108 54240
109 0
110 0
111 58763
112 0
113 0
114 58257
115 0
116 0
117 45542
118 0
119 0
120 13751
121 0
122 0
123 65173
124 0
125 0
126 28024
127 0
128 0
129 28961
130 0
131 0
132 34633
133 0
134 0
135 49402
136 0
137 0
138 20167
139 0
140 0
141 40403
142 0
143 0
144 56061
145 0
146 0
147 1976
148 0
149 0
150 49479
151 0
152 0
153 4726
154 0
155 0
156 19923
157 0
158 0
159 22668
160 0
161 0
162 45967
163 0
164 0
165 57895
166 0
167 0
168 27716
169 0
170 0
171 50873
172 0
173 0
174 30148
175 0
176 0
177 48694
178 0
179 0
180 61330
181 0
182 0
183 5323
184 0
185 0
186 62979
187 0
188 0
189 27708
190 0
191 0
192 33044
193 0
194 0
195 43085
196 0
197 0
198 52259
199 0
200 0
201 15340
202 0
203 0
204 49194
205 0
206 0
207 4420
208 0
209 0
210 41199
211 0
212 0
213 52578
214 0
215 0
216 27870
217 0
218 0
219 48571
220 0
221 0
222 51347
223 0
224 0
225 40527
226 0
227 0
228 23066
229 0
230 0
231 50274
232 0
233 0
234 64635
235 0
236 0
237 13790
238 0
239 0
240 4274
241 0
242 0
243 52310
244 0
245 0
246 1436
247 0
248 0
249 35543
250 0
251 0
252 38655
253 0
254 0
255 18138
256 0
257 0
258 43001
259 0
260 0
261 23445
262 0
263 0
264 34924
265 0
266 0
267 12957
268 0
269 0
270 23846
271 0
272 0
273 13068
274 0
275 0
276 32835
277 0
278 0
279 38854
280 0
281 0
282 48320
283 0
284 0
285 3361
286 0
287 0
288 48736
289 0
290 0
291 55130
292 0
293 0
294 28696
295 0
296 0
297 13020
298 0
299 0
300 50993
301 0
302 0
303 57029
304 0
305 0
306 14813
307 0
308 0
309 110
310 0
311 0
312 26699
313 0
314 0
315 35470
316 0
317 0
318 53536
319 0
320 0
321 63848
322 0
323 0
324 39022
325 0
326 0
327 9641
328 0
329 0
330 25218
331 0
332 0
333 25127
334 0
335 0
336 51196
337 0
338 0
339 59727
340 0
341 0
342 48652
343 0
344 0
345 46832
346 0
347 0
348 34860
349 0
350 0
351 44226
352 0
353 0
354 5704
355 0
356 0
357 1900
358 0
359 0
360 43818
361 0
362 0
363 3865
364 0
365 0
366 19240
367 0
368 0
369 2430
370 0
371 0
372 58080
373 0
374 0
375 140
376 0
377 0
378 46100
379 0
380 0
381 5738
382 0
383 0
384 9394
385 0
386 0
387 21410
388 0
389 0
390 44471
391 0
392 0
393 16797
394 0
395 0
396 42097
397 0
398 0
399 4882
400 0
401 0
402 26410
403 0
404 0
405 41593
406 0
407 0
408 26119
409 0
410 0
411 64096
412 0
413 0
414 50534
415 0
416 0
417 16913
418 0
419 0
420 47383
421 0
422 0
423 56644
424 0
425 0
426 47592
427 0
428 0
429 21857
430 0
431 0
432 32717
433 0
434 0
435 40277
436 0
437 0
438 3333
439 0
440 0
441 39347
442 0
443 0
444 15217
445 0
446 0
447 40965
448 0
449 0
450 15494
451 0
452 0
453 34273
454 0
455 0
456 23376
457 0
458 0
459 38329
460 0
461 0
462 42298
463 0
464 0
465 16901
466 0
467 0
468 37048
469 0
470 0
471 48619
472 0
473 0
474 3820
475 0
476 0
477 13545
478 0
479 0
480 11737
481 0
482 0
483 9499
484 0
485 0
486 49479
487 0
488 0
489 16075
490 0
491 0
492 30437
493 0
494 0
495 12023
496 0
497 0
498 11250
499 0
500 0
501 57674
502 0
503 0
504 19035
505 0
506 0
507 15600
508 0
509 0
510 63496
511 0
512 0
513 7264
514 0
515 0
516 31517
517 0
518 0
519 40350
520 0
521 0
522 54673
523 0
524 0
525 57104
526 0
527 0
528 664
529 0
530 0
531 64553
532 0
533 0
534 22586
535 0
536 0
537 58909
538 0
539 0
540 17027
541 0
542 0
543 45926
544 0
545 0
546 7893
547 0
548 0
549 60462
550 0
551 0
552 47585
553 0
554 0
555 8818
556 0
557 0
558 38010
559 0
560 0
561 38752
562 0
563 0
564 49458
565 0
566 0
567 44716
568 0
569 0
570 25523
571 0
572 0
573 40946
574 0
575 0
576 43783
577 0
578 0
579 65392
580 0
581 0
582 29350
583 0
584 0
585 15443
586 0
587 0
588 19367
589 0
590 0
591 34422
592 0
593 0
594 53578
595 0
596 0
597 57234
598 0
599 0
600 8669
601 0
602 0
603 29980
604 0
605 0
606 46350
607 0
608 0
609 35665
610 0
611 0
612 57511
613 0
614 0
615 8001
616 0
617 0
618 27909
619 0
620 0
621 50393
622 0
623 0
624 43243
625 0
626 0
627 62671
628 0
629 0
630 58684
631 0
632 0
633 29124
634 0
635 0
636 25303
637 0
638 0
639 3000
640 0
641 0
642 11435
643 0
644 0
645 53601
646 0
647 0
648 4746
649 0
650 0
651 21818
652 0
653 0
654 46471
655 0
656 0
657 39659
658 0
659 0
660 11391
661 0
662 0
663 54253
664 0
665 0
666 1816
667 0
668 0
669 3059
670 0
671 0
672 45506
673 0
674 0
675 918
676 0
677 0
678 41909
679 0
680 0
681 60021
682 0
683 0
684 30598
685 0
686 0
687 34637
688 0
689 0
690 1585
691 0
692 0
693 47660
694 0
695 0
696 11900
697 0
698 0
699 14816
700 0
701 0
702 41869
703 0
704 0
705 27342
706 0
707 0
708 27855
709 0
710 0
711 49121
712 0
713 0
714 29709
715 0
716 0
717 48090
718 0
719 0
720 36947
721 0
722 0
723 45634
724 0
725 0
726 44453
727 0
728 0
729 13408
730 0
731 0
732 52637
733 0
734 0
735 44997
736 0
737 0
738 21549
739 0
740 0
741 49031
742 0
743 0
744 24229
745 0
746 0
747 2686
748 0
749 0
750 32551
751 0
752 0
753 61848
754 0
755 0
756 33253
757 0
758 0
759 24229
760 0
