0 1
1 0
2 0
3 0
4 0
5 0
6 3
7 0
8 0
9 13
10 0
11 0
12 421
13 0
14 0
15 4992
16 0
17 0
18 60303
19 0
20 0
21 25134
22 0
23 0
24 945
25 0
26 0
27 14405
28 0
29 0
30 55872
31 0
32 0
33 13128
34 0
35 0
36 51692
37 0
38 0
39 21101
40 0
41 0
42 38727
43 0
44 0
45 55943
46 0
47 0
48 34162
49 0
50 0
51 44819
52 0
53 0
54 13236
55 0
56 0
57 53930
58 0
59 0
60 41686
61 0
62 0
63 16759
64 0
65 0
66 14517
67 0
68 0
69 45143
70 0
71 0
72 61596
73 0
74 0
75 22499
76 0
77 0
78 9203
79 0
80 0
81 56045
82 0
83 0
84 21791
85 0
86 0
87 59678
88 0
89 0
90 20595
91 0
92 0
93 10674
94 0
95 0
96 21029
97 0
98 0
99 53494
100 0
101 0
102 61446
103 0
104 0
105 45507
106 0
107 0
108 4685
109 0
110 0
111 15033
112 0
113 0
114 21836
115 0
116 0
117 41725
118 0
119 0
120 57319
121 0
122 0
123 64239
124 0
125 0
126 8805
127 0
128 0
129 46875
130 0
131 0
132 25613
133 0
134 0
135 24362
136 0
137 0
138 32959
139 0
140 0
141 11411
142 0
143 0
144 33101
145 0
146 0
147 51015
148 0
149 0
150 13206
151 0
152 0
153 26689
154 0
155 0
156 25581
157 0
158 0
159 14997
160 0
161 0
162 48575
163 0
164 0
165 53045
166 0
167 0
168 28145
169 0
170 0
171 15046
172 0
173 0
174 50871
175 0
176 0
177 28870
178 0
179 0
180 23326
181 0
182 0
183 56084
184 0
185 0
186 47072
187 0
188 0
189 65326
190 0
191 0
192 10771
193 0
194 0
195 11710
196 0
197 0
198 63723
199 0
200 0
201 35071
202 0
203 0
204 19233
205 0
206 0
207 17316
208 0
209 0
210 40569
211 0
212 0
213 15315
214 0
215 0
216 60566
217 0
218 0
219 5432
220 0
221 0
222 61818
223 0
224 0
225 24738
226 0
227 0
228 28577
229 0
230 0
231 1737
232 0
233 0
234 25519
235 0
236 0
237 63146
238 0
239 0
240 38126
241 0
242 0
243 56710
244 0
245 0
246 32108
247 0
248 0
249 38345
250 0
251 0
252 28720
253 0
254 0
255 30855
256 0
257 0
258 60842
259 0
260 0
261 9126
262 0
263 0
264 9144
265 0
266 0
267 31696
268 0
269 0
270 28115
271 0
272 0
273 17364
274 0
275 0
276 19208
277 0
278 0
279 16161
280 0
281 0
282 1156
283 0
284 0
285 9559
286 0
287 0
288 22315
289 0
290 0
291 64719
292 0
293 0
294 37864
295 0
296 0
297 20845
298 0
299 0
300 29379
301 0
302 0
303 45415
304 0
305 0
306 1153
307 0
308 0
309 23862
310 0
311 0
312 53558
313 0
314 0
315 42535
316 0
317 0
318 47908
319 0
320 0
321 38627
322 0
323 0
324 52309
325 0
326 0
327 62758
328 0
329 0
330 10163
331 0
332 0
333 48285
334 0
335 0
336 45794
337 0
338 0
339 60660
340 0
341 0
342 3324
343 0
344 0
345 21303
346 0
347 0
348 22532
349 0
350 0
351 3348
352 0
353 0
354 53109
355 0
356 0
357 16478
358 0
359 0
360 54064
361 0
362 0
363 18430
364 0
365 0
366 47217
367 0
368 0
369 24249
370 0
371 0
372 54755
373 0
374 0
375 15392
376 0
377 0
378 62538
379 0
380 0
381 56330
382 0
383 0
384 4108
385 0
386 0
387 3859
388 0
389 0
390 837
391 0
392 0
393 60688
394 0
395 0
396 62936
397 0
398 0
399 28132
400 0
401 0
402 32572
403 0
404 0
405 1273
406 0
407 0
408 30379
409 0
410 0
411 60772
412 0
413 0
414 40275
415 0
416 0
417 29219
418 0
419 0
420 37791
421 0
422 0
423 52367
424 0
425 0
426 54726
427 0
428 0
429 34681
430 0
431 0
432 61675
433 0
434 0
435 8547
436 0
437 0
438 56161
439 0
440 0
441 62838
442 0
443 0
444 26714
445 0
446 0
447 17544
448 0
449 0
450 43827
451 0
452 0
453 7797
454 0
455 0
456 52588
457 0
458 0
459 16557
460 0
461 0
462 10417
463 0
464 0
465 31743
466 0
467 0
468 33456
469 0
470 0
471 27437
472 0
473 0
474 59049
475 0
476 0
477 8590
478 0
479 0
480 47965
481 0
482 0
483 10832
484 0
485 0
486 63372
487 0
488 0
489 8924
490 0
491 0
492 3518
493 0
494 0
495 65401
496 0
497 0
498 10598
499 0
500 0
501 21088
502 0
503 0
504 58417
505 0
506 0
507 43834
508 0
509 0
510 2007
511 0
512 0
513 10562
514 0
515 0
516 57974
517 0
518 0
519 1599
520 0
521 0
522 38823
523 0
524 0
525 6206
526 0
527 0
528 40599
529 0
530 0
531 352
532 0
533 0
534 54920
535 0
536 0
537 10478
538 0
539 0
540 3567
541 0
542 0
543 61348
544 0
545 0
546 56227
547 0
548 0
549 6080
550 0
551 0
552 44775
553 0
554 0
555 34140
556 0
557 0
558 31020
559 0
560 0
561 4555
562 0
563 0
564 29712
565 0
566 0
567 52938
568 0
569 0
570 7898
571 0
572 0
573 50435
574 0
575 0
576 62041
577 0
578 0
579 43890
580 0
581 0
582 10520
583 0
584 0
585 18876
586 0
587 0
588 34599
589 0
590 0
591 40470
592 0
593 0
594 16122
595 0
596 0
597 45943
598 0
599 0
600 35390
601 0
602 0
603 36725
604 0
605 0
606 22926
607 0
608 0
609 64822
610 0
611 0
612 49706
613 0
614 0
615 50751
616 0
617 0
618 1156
619 0
620 0
621 26322
622 0
623 0
624 56237
625 0
626 0
627 43730
628 0
629 0
630 28812
631 0
632 0
633 21731
634 0
635 0
636 35617
637 0
638 0
639 535
640 0
641 0
642 43717
643 0
644 0
645 20195
646 0
647 0
648 15241
649 0
650 0
651 15870
652 0
653 0
654 48746
655 0
656 0
657 53273
658 0
659 0
660 53823
661 0
662 0
663 59085
664 0
665 0
666 42448
667 0
668 0
669 54732
670 0
671 0
672 47164
673 0
674 0
675 18366
676 0
677 0
678 64460
679 0
680 0
681 2139
682 0
683 0
684 45325
685 0
686 0
687 34126
688 0
689 0
690 22368
691 0
692 0
693 55441
694 0
695 0
696 8911
697 0
698 0
699 45409
700 0
701 0
702 19795
703 0
704 0
705 17248
706 0
707 0
708 53007
709 0
710 0
711 45120
712 0
713 0
714 62348
715 0
716 0
717 59063
718 0
719 0
720 58973
721 0
722 0
723 35711
724 0
725 0
726 22775
727 0
728 0
729 38055
730 0
731 0
732 46782
733 0
734 0
735 16436
736 0
737 0
738 1272
739 0
740 0
741 64674
742 0
743 0
744 25226
745 0
746 0
747 3225
748 0
749 0
750 52001
751 0
752 0
753 5738
754 0
755 0
756 64560
757 0
758 0
759 12234
760 0
