0 1
1 0
2 0
3 0
4 0
5 0
6 3
7 0
8 0
9 13
10 0
11 0
12 421
13 0
14 0
15 4992
16 0
17 0
18 60303
19 0
20 0
21 25582
22 0
23 0
24 4641
25 0
26 0
27 39213
28 0
29 0
30 6827
31 0
32 0
33 7796
34 0
35 0
36 2102
37 0
38 0
39 8361
40 0
41 0
42 22736
43 0
44 0
45 12183
46 0
47 0
48 46795
49 0
50 0
51 64349
52 0
53 0
54 63840
55 0
56 0
57 58116
58 0
59 0
60 32154
61 0
62 0
63 26249
64 0
65 0
66 38180
67 0
68 0
69 10121
70 0
71 0
72 56265
73 0
74 0
75 63203
76 0
77 0
78 34243
79 0
80 0
81 7616
82 0
83 0
84 15862
85 0
86 0
87 27416
88 0
89 0
90 54444
91 0
92 0
93 26629
94 0
95 0
96 36392
97 0
98 0
99 17539
100 0
101 0
102 20803
103 0
104 0
105 2364
106 0
107 0
108 63239
109 0
110 0
111 50193
112 0
113 0
114 24815
115 0
116 0
117 52853
118 0
119 0
120 44095
121 0
122 0
123 32161
124 0
125 0
126 34815
127 0
128 0
129 37965
130 0
131 0
132 50658
133 0
134 0
135 15969
136 0
137 0
138 39478
139 0
140 0
141 980
142 0
143 0
144 63584
145 0
146 0
147 45458
148 0
149 0
150 18420
151 0
152 0
153 33373
154 0
155 0
156 50964
157 0
158 0
159 52868
160 0
161 0
162 47246
163 0
164 0
165 53855
166 0
167 0
168 64169
169 0
170 0
171 5860
172 0
173 0
174 41721
175 0
176 0
177 17870
178 0
179 0
180 18303
181 0
182 0
183 63125
184 0
185 0
186 18375
187 0
188 0
189 27864
190 0
191 0
192 26270
193 0
194 0
195 10566
196 0
197 0
198 8444
199 0
200 0
201 23046
202 0
203 0
204 9533
205 0
206 0
207 20306
208 0
209 0
210 42934
211 0
212 0
213 10499
214 0
215 0
216 33589
217 0
218 0
219 4007
220 0
221 0
222 58910
223 0
224 0
225 40348
226 0
227 0
228 47759
229 0
230 0
231 6844
232 0
233 0
234 33379
235 0
236 0
237 47897
238 0
239 0
240 11928
241 0
242 0
243 351
244 0
245 0
246 53078
247 0
248 0
249 3989
250 0
251 0
252 49403
253 0
254 0
255 6052
256 0
257 0
258 19357
259 0
260 0
261 605
262 0
263 0
264 64945
265 0
266 0
267 63078
268 0
269 0
270 2509
271 0
272 0
273 26081
274 0
275 0
276 20297
277 0
278 0
279 48161
280 0
281 0
282 36314
283 0
284 0
285 12466
286 0
287 0
288 2049
289 0
290 0
291 12176
292 0
293 0
294 20818
295 0
296 0
297 17081
298 0
299 0
300 36547
301 0
302 0
303 60450
304 0
305 0
306 50598
307 0
308 0
309 21315
310 0
311 0
312 46624
313 0
314 0
315 38425
316 0
317 0
318 59762
319 0
320 0
321 19195
322 0
323 0
324 3857
325 0
326 0
327 24021
328 0
329 0
330 29833
331 0
332 0
333 20537
334 0
335 0
336 35441
337 0
338 0
339 58446
340 0
341 0
342 64879
343 0
344 0
345 29744
346 0
347 0
348 57106
349 0
350 0
351 14015
352 0
353 0
354 21761
355 0
356 0
357 4224
358 0
359 0
360 41960
361 0
362 0
363 24801
364 0
365 0
366 37584
367 0
368 0
369 64081
370 0
371 0
372 12051
373 0
374 0
375 701
376 0
377 0
378 4257
379 0
380 0
381 50704
382 0
383 0
384 6722
385 0
386 0
387 57360
388 0
389 0
390 58703
391 0
392 0
393 44249
394 0
395 0
396 48184
397 0
398 0
399 2223
400 0
401 0
402 26689
403 0
404 0
405 28630
406 0
407 0
408 4450
409 0
410 0
411 37029
412 0
413 0
414 1859
415 0
416 0
417 38426
418 0
419 0
420 14320
421 0
422 0
423 51759
424 0
425 0
426 47945
427 0
428 0
429 20117
430 0
431 0
432 62838
433 0
434 0
435 7448
436 0
437 0
438 24327
439 0
440 0
441 55299
442 0
443 0
444 21396
445 0
446 0
447 49344
448 0
449 0
450 14329
451 0
452 0
453 50419
454 0
455 0
456 44138
457 0
458 0
459 3458
460 0
461 0
462 20078
463 0
464 0
465 31266
466 0
467 0
468 30892
469 0
470 0
471 38027
472 0
473 0
474 47847
475 0
476 0
477 26388
478 0
479 0
480 46866
481 0
482 0
483 4036
484 0
485 0
486 56840
487 0
488 0
489 29506
490 0
491 0
492 23668
493 0
494 0
495 38576
496 0
497 0
498 34305
499 0
500 0
501 8238
502 0
503 0
504 45870
505 0
506 0
507 57470
508 0
509 0
510 9003
511 0
512 0
513 2157
514 0
515 0
516 36104
517 0
518 0
519 22720
520 0
521 0
522 39578
523 0
524 0
525 45519
526 0
527 0
528 3496
529 0
530 0
531 56726
532 0
533 0
534 28663
535 0
536 0
537 26241
538 0
539 0
540 14844
541 0
542 0
543 33970
544 0
545 0
546 26214
547 0
548 0
549 27936
550 0
551 0
552 54114
553 0
554 0
555 59967
556 0
557 0
558 9244
559 0
560 0
561 2020
562 0
563 0
564 52009
565 0
566 0
567 54423
568 0
569 0
570 10143
571 0
572 0
573 22331
574 0
575 0
576 14032
577 0
578 0
579 46756
580 0
581 0
582 63249
583 0
584 0
585 61917
586 0
587 0
588 49936
589 0
590 0
591 40140
592 0
593 0
594 6516
595 0
596 0
597 61672
598 0
599 0
600 54363
601 0
602 0
603 62065
604 0
605 0
606 60852
607 0
608 0
609 32793
610 0
611 0
612 63062
613 0
614 0
615 4719
616 0
617 0
618 33860
619 0
620 0
621 15592
622 0
623 0
624 27765
625 0
626 0
627 1884
628 0
629 0
630 42202
631 0
632 0
633 8332
634 0
635 0
636 18012
637 0
638 0
639 43161
640 0
641 0
642 51322
643 0
644 0
645 44021
646 0
647 0
648 64196
649 0
650 0
651 13331
652 0
653 0
654 48507
655 0
656 0
657 63766
658 0
659 0
660 29761
661 0
662 0
663 43744
664 0
665 0
666 23658
667 0
668 0
669 28325
670 0
671 0
672 41071
673 0
674 0
675 21502
676 0
677 0
678 45479
679 0
680 0
681 14295
682 0
683 0
684 44823
685 0
686 0
687 3825
688 0
689 0
690 43693
691 0
692 0
693 55454
694 0
695 0
696 24883
697 0
698 0
699 30998
700 0
701 0
702 37064
703 0
704 0
705 20974
706 0
707 0
708 53819
709 0
710 0
711 15855
712 0
713 0
714 30661
715 0
716 0
717 24357
718 0
719 0
720 2623
721 0
722 0
723 4014
724 0
725 0
726 45012
727 0
728 0
729 23670
730 0
731 0
732 481
733 0
734 0
735 9410
736 0
737 0
738 40633
739 0
740 0
741 30396
742 0
743 0
744 27197
745 0
746 0
747 194
748 0
749 0
750 55762
751 0
752 0
753 26720
754 0
755 0
756 65140
757 0
758 0
759 13130
760 0
