0 1
1 0
2 0
3 0
4 0
5 0
6 3
7 0
8 0
9 13
10 0
11 0
12 421
13 0
14 0
15 4992
16 0
17 0
18 60303
19 0
20 0
21 25390
22 0
23 0
24 3057
25 0
26 0
27 28581
28 0
29 0
30 9106
31 0
32 0
33 567
34 0
35 0
36 31909
37 0
38 0
39 10365
40 0
41 0
42 62280
43 0
44 0
45 24364
46 0
47 0
48 57252
49 0
50 0
51 6986
52 0
53 0
54 64352
55 0
56 0
57 24596
58 0
59 0
60 45770
61 0
62 0
63 49769
64 0
65 0
66 16207
67 0
68 0
69 58369
70 0
71 0
72 45050
73 0
74 0
75 41327
76 0
77 0
78 4781
79 0
80 0
81 26134
82 0
83 0
84 26417
85 0
86 0
87 12906
88 0
89 0
90 57039
91 0
92 0
93 55112
94 0
95 0
96 31167
97 0
98 0
99 13877
100 0
101 0
102 56648
103 0
104 0
105 12636
106 0
107 0
108 30010
109 0
110 0
111 1642
112 0
113 0
114 47460
115 0
116 0
117 47865
118 0
119 0
120 12224
121 0
122 0
123 28245
124 0
125 0
126 61045
127 0
128 0
129 39102
130 0
131 0
132 63249
133 0
134 0
135 11158
136 0
137 0
138 3662
139 0
140 0
141 13449
142 0
143 0
144 36005
145 0
146 0
147 32217
148 0
149 0
150 60529
151 0
152 0
153 55488
154 0
155 0
156 64483
157 0
158 0
159 12707
160 0
161 0
162 8067
163 0
164 0
165 45923
166 0
167 0
168 17171
169 0
170 0
171 62018
172 0
173 0
174 20862
175 0
176 0
177 42109
178 0
179 0
180 28447
181 0
182 0
183 54172
184 0
185 0
186 19381
187 0
188 0
189 53136
190 0
191 0
192 31656
193 0
194 0
195 52460
196 0
197 0
198 48107
199 0
200 0
201 22659
202 0
203 0
204 15830
205 0
206 0
207 4125
208 0
209 0
210 1288
211 0
212 0
213 24611
214 0
215 0
216 35926
217 0
218 0
219 64351
220 0
221 0
222 532
223 0
224 0
225 48427
226 0
227 0
228 27916
229 0
230 0
231 6088
232 0
233 0
234 61533
235 0
236 0
237 44922
238 0
239 0
240 55133
241 0
242 0
243 34737
244 0
245 0
246 37167
247 0
248 0
249 53466
250 0
251 0
252 48170
253 0
254 0
255 27171
256 0
257 0
258 8335
259 0
260 0
261 33726
262 0
263 0
264 52009
265 0
266 0
267 43973
268 0
269 0
270 3335
271 0
272 0
273 62627
274 0
275 0
276 4681
277 0
278 0
279 31604
280 0
281 0
282 59455
283 0
284 0
285 47399
286 0
287 0
288 52121
289 0
290 0
291 31633
292 0
293 0
294 52123
295 0
296 0
297 26455
298 0
299 0
300 57505
301 0
302 0
303 13369
304 0
305 0
306 49041
307 0
308 0
309 46571
310 0
311 0
312 33995
313 0
314 0
315 2170
316 0
317 0
318 12482
319 0
320 0
321 11772
322 0
323 0
324 31093
325 0
326 0
327 40642
328 0
329 0
330 62748
331 0
332 0
333 60328
334 0
335 0
336 33319
337 0
338 0
339 29528
340 0
341 0
342 64904
343 0
344 0
345 59848
346 0
347 0
348 15280
349 0
350 0
351 6196
352 0
353 0
354 15531
355 0
356 0
357 19851
358 0
359 0
360 49417
361 0
362 0
363 61628
364 0
365 0
366 30616
367 0
368 0
369 60064
370 0
371 0
372 14431
373 0
374 0
375 27296
376 0
377 0
378 59087
379 0
380 0
381 4470
382 0
383 0
384 42330
385 0
386 0
387 20018
388 0
389 0
390 15757
391 0
392 0
393 26175
394 0
395 0
396 30119
397 0
398 0
399 27629
400 0
401 0
402 16968
403 0
404 0
405 4885
406 0
407 0
408 56696
409 0
410 0
411 4159
412 0
413 0
414 27217
415 0
416 0
417 1366
418 0
419 0
420 6189
421 0
422 0
423 26011
424 0
425 0
426 10016
427 0
428 0
429 11861
430 0
431 0
432 60234
433 0
434 0
435 44275
436 0
437 0
438 42447
439 0
440 0
441 35825
442 0
443 0
444 8343
445 0
446 0
447 14591
448 0
449 0
450 13297
451 0
452 0
453 9847
454 0
455 0
456 58114
457 0
458 0
459 56541
460 0
461 0
462 48977
463 0
464 0
465 45730
466 0
467 0
468 54484
469 0
470 0
471 26435
472 0
473 0
474 6985
475 0
476 0
477 46563
478 0
479 0
480 21174
481 0
482 0
483 23510
484 0
485 0
486 48941
487 0
488 0
489 16510
490 0
491 0
492 57883
493 0
494 0
495 21316
496 0
497 0
498 11894
499 0
500 0
501 640
502 0
503 0
504 61051
505 0
506 0
507 23649
508 0
509 0
510 31076
511 0
512 0
513 8396
514 0
515 0
516 7760
517 0
518 0
519 33529
520 0
521 0
522 25445
523 0
524 0
525 2550
526 0
527 0
528 58535
529 0
530 0
531 47685
532 0
533 0
534 6800
535 0
536 0
537 62906
538 0
539 0
540 32669
541 0
542 0
543 32437
544 0
545 0
546 55485
547 0
548 0
549 60309
550 0
551 0
552 20714
553 0
554 0
555 60542
556 0
557 0
558 44754
559 0
560 0
561 40575
562 0
563 0
564 14910
565 0
566 0
567 13155
568 0
569 0
570 2198
571 0
572 0
573 18177
574 0
575 0
576 61079
577 0
578 0
579 17140
580 0
581 0
582 23885
583 0
584 0
585 12905
586 0
587 0
588 47532
589 0
590 0
591 47103
592 0
593 0
594 14376
595 0
596 0
597 4332
598 0
599 0
600 28706
601 0
602 0
603 18153
604 0
605 0
606 56305
607 0
608 0
609 36942
610 0
611 0
612 10395
613 0
614 0
615 38857
616 0
617 0
618 41857
619 0
620 0
621 19146
622 0
623 0
624 47689
625 0
626 0
627 60751
628 0
629 0
630 50211
631 0
632 0
633 23462
634 0
635 0
636 50159
637 0
638 0
639 11403
640 0
641 0
642 62563
643 0
644 0
645 58138
646 0
647 0
648 11656
649 0
650 0
651 19901
652 0
653 0
654 55894
655 0
656 0
657 23531
658 0
659 0
660 24444
661 0
662 0
663 32464
664 0
665 0
666 3277
667 0
668 0
669 54836
670 0
671 0
672 61050
673 0
674 0
675 60962
676 0
677 0
678 39810
679 0
680 0
681 44885
682 0
683 0
684 49885
685 0
686 0
687 52425
688 0
689 0
690 44271
691 0
692 0
693 17859
694 0
695 0
696 51528
697 0
698 0
699 8972
700 0
701 0
702 9511
703 0
704 0
705 48682
706 0
707 0
708 47399
709 0
710 0
711 702
712 0
713 0
714 27438
715 0
716 0
717 12956
718 0
719 0
720 428
721 0
722 0
723 3632
724 0
725 0
726 45780
727 0
728 0
729 14856
730 0
731 0
732 20879
733 0
734 0
735 36789
736 0
737 0
738 55056
739 0
740 0
741 7422
742 0
743 0
744 30806
745 0
746 0
747 64531
748 0
749 0
750 62694
751 0
752 0
753 43980
754 0
755 0
756 23539
757 0
758 0
759 10318
760 0
