0 1
1 0
2 0
3 1
4 0
5 0
6 6
7 0
8 0
9 81
10 0
11 0
12 1990
13 0
14 0
15 46543
16 0
17 0
18 21894
19 0
20 0
21 36539
22 0
23 0
24 44902
25 0
26 0
27 64991
28 0
29 0
30 52858
31 0
32 0
33 61130
34 0
35 0
36 63780
37 0
38 0
39 13779
40 0
41 0
42 25395
43 0
44 0
45 44482
46 0
47 0
48 56572
49 0
50 0
51 33146
52 0
53 0
54 61683
55 0
56 0
57 20235
58 0
59 0
60 18061
61 0
62 0
63 27589
64 0
65 0
66 1904
67 0
68 0
69 9321
70 0
71 0
72 47877
73 0
74 0
75 15859
76 0
77 0
78 16559
79 0
80 0
81 1820
82 0
83 0
84 31853
85 0
86 0
87 24006
88 0
89 0
90 34770
91 0
92 0
93 43097
94 0
95 0
96 63478
97 0
98 0
99 54294
100 0
101 0
102 52843
103 0
104 0
105 33609
106 0
107 0
108 29504
109 0
110 0
111 43720
112 0
113 0
114 22411
115 0
116 0
117 53410
118 0
119 0
120 46926
121 0
122 0
123 17337
124 0
125 0
126 63506
127 0
128 0
129 47098
130 0
131 0
132 51337
133 0
134 0
135 11804
136 0
137 0
138 60386
139 0
140 0
141 27908
142 0
143 0
144 23788
145 0
146 0
147 11277
148 0
149 0
150 22219
151 0
152 0
153 31659
154 0
155 0
156 57005
157 0
158 0
159 666
160 0
161 0
162 53267
163 0
164 0
165 65394
166 0
167 0
168 53271
169 0
170 0
171 1343
172 0
173 0
174 40458
175 0
176 0
177 45933
178 0
179 0
180 20187
181 0
182 0
183 235
184 0
185 0
186 1363
187 0
188 0
189 17946
190 0
191 0
192 28504
193 0
194 0
195 42112
196 0
197 0
198 30370
199 0
200 0
201 40201
202 0
203 0
204 29622
205 0
206 0
207 8817
208 0
209 0
210 12225
211 0
212 0
213 24749
214 0
215 0
216 27148
217 0
218 0
219 24307
220 0
221 0
222 35975
223 0
224 0
225 53070
226 0
227 0
228 39128
229 0
230 0
231 54038
232 0
233 0
234 2487
235 0
236 0
237 11855
238 0
239 0
240 34880
241 0
242 0
243 13353
244 0
245 0
246 55533
247 0
248 0
249 39597
250 0
251 0
252 64454
253 0
254 0
255 57040
256 0
257 0
258 17639
259 0
260 0
261 62614
262 0
263 0
264 25692
265 0
266 0
267 24638
268 0
269 0
270 15782
271 0
272 0
273 1225
274 0
275 0
276 17448
277 0
278 0
279 20311
280 0
281 0
282 9401
283 0
284 0
285 34633
286 0
287 0
288 25046
289 0
290 0
291 19554
292 0
293 0
294 3861
295 0
296 0
297 18139
298 0
299 0
300 29915
301 0
302 0
303 61889
304 0
305 0
306 52468
307 0
308 0
309 33268
310 0
311 0
312 48758
313 0
314 0
315 54048
316 0
317 0
318 27569
319 0
320 0
321 52332
322 0
323 0
324 40211
325 0
326 0
327 841
328 0
329 0
330 14508
331 0
332 0
333 11896
334 0
335 0
336 57806
337 0
338 0
339 45146
340 0
341 0
342 48690
343 0
344 0
345 1102
346 0
347 0
348 55621
349 0
350 0
351 40057
352 0
353 0
354 64609
355 0
356 0
357 19966
358 0
359 0
360 18263
361 0
362 0
363 56585
364 0
365 0
366 26177
367 0
368 0
369 54146
370 0
371 0
372 7354
373 0
374 0
375 13250
376 0
377 0
378 11127
379 0
380 0
381 62172
382 0
383 0
384 19507
385 0
386 0
387 62656
388 0
389 0
390 10314
391 0
392 0
393 54798
394 0
395 0
396 25977
397 0
398 0
399 2911
400 0
401 0
402 20629
403 0
404 0
405 15391
406 0
407 0
408 40147
409 0
410 0
411 62091
412 0
413 0
414 63540
415 0
416 0
417 59259
418 0
419 0
420 4291
421 0
422 0
423 35282
424 0
425 0
426 16566
427 0
428 0
429 39586
430 0
431 0
432 22883
433 0
434 0
435 50632
436 0
437 0
438 8490
439 0
440 0
441 41476
442 0
443 0
444 1352
445 0
446 0
447 57885
448 0
449 0
450 12606
