0 1
1 0
2 0
3 1
4 0
5 0
6 6
7 0
8 0
9 81
10 0
11 0
12 1990
13 0
14 0
15 46543
16 0
17 0
18 21920
19 0
20 0
21 36939
22 0
23 0
24 49862
25 0
26 0
27 51244
28 0
29 0
30 60063
31 0
32 0
33 5981
34 0
35 0
36 13426
37 0
38 0
39 49470
40 0
41 0
42 43995
43 0
44 0
45 10500
46 0
47 0
48 41353
49 0
50 0
51 46932
52 0
53 0
54 18784
55 0
56 0
57 18673
58 0
59 0
60 54510
61 0
62 0
63 35597
64 0
65 0
66 49574
67 0
68 0
69 24796
70 0
71 0
72 18334
73 0
74 0
75 20755
76 0
77 0
78 1788
79 0
80 0
81 21615
82 0
83 0
84 39406
85 0
86 0
87 44847
88 0
89 0
90 33971
91 0
92 0
93 14052
94 0
95 0
96 818
97 0
98 0
99 39366
100 0
101 0
102 13897
103 0
104 0
105 6678
106 0
107 0
108 48536
109 0
110 0
111 31169
112 0
113 0
114 39785
115 0
116 0
117 9482
118 0
119 0
120 64051
121 0
122 0
123 11675
124 0
125 0
126 21351
127 0
128 0
129 57118
130 0
131 0
132 41938
133 0
134 0
135 35716
136 0
137 0
138 62701
139 0
140 0
141 59384
142 0
143 0
144 31706
145 0
146 0
147 3836
148 0
149 0
150 32292
151 0
152 0
153 2308
154 0
155 0
156 41015
157 0
158 0
159 52924
160 0
161 0
162 11725
163 0
164 0
165 62377
166 0
167 0
168 62485
169 0
170 0
171 35592
172 0
173 0
174 51092
175 0
176 0
177 46914
178 0
179 0
180 15066
181 0
182 0
183 63627
184 0
185 0
186 8948
187 0
188 0
189 13549
190 0
191 0
192 21795
193 0
194 0
195 64906
196 0
197 0
198 38268
199 0
200 0
201 5715
202 0
203 0
204 47660
205 0
206 0
207 49156
208 0
209 0
210 57511
211 0
212 0
213 30875
214 0
215 0
216 44800
217 0
218 0
219 27693
220 0
221 0
222 22952
223 0
224 0
225 7438
226 0
227 0
228 41313
229 0
230 0
231 15711
232 0
233 0
234 46508
235 0
236 0
237 28986
238 0
239 0
240 42237
241 0
242 0
243 5875
244 0
245 0
246 6063
247 0
248 0
249 57441
250 0
251 0
252 35220
253 0
254 0
255 31095
256 0
257 0
258 60676
259 0
260 0
261 4663
262 0
263 0
264 27821
265 0
266 0
267 38534
268 0
269 0
270 59713
271 0
272 0
273 15740
274 0
275 0
276 6986
277 0
278 0
279 61451
280 0
281 0
282 10388
283 0
284 0
285 38684
286 0
287 0
288 25588
289 0
290 0
291 47707
292 0
293 0
294 45713
295 0
296 0
297 47691
298 0
299 0
300 35389
301 0
302 0
303 28105
304 0
305 0
306 54968
307 0
308 0
309 58325
310 0
311 0
312 58658
313 0
314 0
315 65089
316 0
317 0
318 19906
319 0
320 0
321 7931
322 0
323 0
324 35021
325 0
326 0
327 19210
328 0
329 0
330 58360
331 0
332 0
333 25790
334 0
335 0
336 30910
337 0
338 0
339 55788
340 0
341 0
342 35830
343 0
344 0
345 18416
346 0
347 0
348 9656
349 0
350 0
351 56766
352 0
353 0
354 10331
355 0
356 0
357 52020
358 0
359 0
360 2633
361 0
362 0
363 55963
364 0
365 0
366 38894
367 0
368 0
369 35541
370 0
371 0
372 10093
373 0
374 0
375 33865
376 0
377 0
378 18526
379 0
380 0
381 23360
382 0
383 0
384 64041
385 0
386 0
387 27704
388 0
389 0
390 38074
391 0
392 0
393 21205
394 0
395 0
396 62572
397 0
398 0
399 28703
400 0
401 0
402 10641
403 0
404 0
405 49036
406 0
407 0
408 62698
409 0
410 0
411 53416
412 0
413 0
414 60359
415 0
416 0
417 43127
418 0
419 0
420 19556
421 0
422 0
423 60359
424 0
425 0
426 59622
427 0
428 0
429 22440
430 0
431 0
432 58345
433 0
434 0
435 54277
436 0
437 0
438 22013
439 0
440 0
441 4942
442 0
443 0
444 36720
445 0
446 0
447 60020
448 0
449 0
450 38154
