0 1
1 0
2 0
3 0
4 1
5 0
6 6
7 3
8 46
9 118
10 612
11 2012
12 8300
13 28340
14 35576
15 5761
16 40937
17 56623
18 27943
19 59082
20 41451
21 24619
22 24183
23 43900
24 40193
25 897
26 4181
27 22443
28 15491
29 2660
30 8701
31 8534
32 26624
33 6598
34 34387
35 12463
36 27980
37 4647
38 54286
39 7495
40 61034
41 36263
42 38657
43 28495
44 40068
45 14082
46 6867
47 62066
48 55941
49 54741
50 46379
51 8836
52 4547
53 40553
54 35972
55 29035
56 14602
57 24895
58 84
59 10870
60 29449
61 30108
62 702
63 48866
64 46274
65 48343
66 47816
67 13965
68 40497
69 14408
70 35911
71 6833
72 26966
73 45800
74 26350
75 15305
76 37540
77 31149
78 49190
79 23495
80 19159
81 53724
82 47717
83 61287
84 53785
85 50825
86 11270
87 34310
88 43975
89 31541
90 48738
91 61985
92 42832
93 22389
94 44076
95 46853
96 382
97 26282
98 52373
99 31161
100 58671
101 37494
102 53795
103 13842
104 17685
105 54277
106 34049
107 23039
108 31462
109 40022
110 51577
111 14789
112 61073
113 1485
114 57007
115 23008
116 25266
117 64355
118 61302
119 36514
120 35976
121 47214
122 11311
123 19503
124 58527
125 54924
126 55945
127 11445
128 62005
129 419
130 23083
131 44308
132 53868
133 39495
134 56912
135 4724
136 26956
137 61222
138 64018
139 28953
140 52164
141 19690
142 5155
143 36446
144 2166
145 32009
146 40679
147 22157
148 63996
149 37807
150 15089
151 49931
152 38934
153 64732
154 63188
155 31856
156 6362
157 26793
158 15748
159 6016
160 65280
161 38773
162 38190
163 13538
164 28963
165 15437
166 6320
167 58995
168 42037
169 53070
170 56522
171 44933
172 48012
173 44844
174 9083
175 23202
176 27702
177 63362
178 14056
179 55789
180 5953
181 49688
182 46353
183 47644
184 3863
185 25330
186 31829
187 54368
188 36804
189 64489
190 10672
191 64310
192 62469
193 63243
194 37511
195 16593
196 2404
197 14385
198 2267
199 14799
200 28360
201 55417
202 46245
203 56724
204 5200
205 61166
206 21366
207 62101
208 58678
209 60129
210 28441
211 19625
212 20701
213 5428
214 26698
215 55089
216 42093
217 62454
218 60326
219 36512
220 416
221 31449
222 41839
223 49763
224 10787
225 63000
226 19406
227 36004
228 42639
229 62404
230 11545
231 17387
232 17673
233 10409
234 58039
235 7043
236 57297
237 53793
238 28363
239 19501
240 10809
241 9609
242 13255
243 37832
244 37513
245 54265
246 22777
247 65410
248 61723
249 20201
250 16812
251 12732
252 31636
253 25946
254 47148
255 37598
256 22660
257 30293
258 26446
259 10824
260 58180
261 37318
262 61596
263 36680
264 63818
265 13553
266 29430
267 35495
268 61712
269 34811
270 52946
271 47637
272 65141
273 26484
274 33849
275 44532
276 47204
277 38419
278 16710
279 40238
280 33436
281 64465
282 28624
283 51040
284 4656
285 57187
286 14617
287 47180
288 36858
289 32369
290 39505
291 48212
292 46696
293 22094
294 37154
295 131
296 26647
297 12127
298 27745
299 33631
300 64360
301 14231
302 3506
303 1359
304 62545
305 45452
306 49581
307 10675
308 5572
309 34044
310 25172
311 40408
312 9075
313 14147
314 41216
315 51749
316 53686
317 42308
318 20957
319 49599
320 8884
321 35104
322 18663
323 44242
324 58519
325 52287
326 876
327 14399
328 40193
329 30572
330 2184
331 29052
332 47828
333 43
334 1544
335 29825
336 45628
337 37832
338 7225
339 47418
340 32314
341 2928
342 11276
343 24997
344 40042
345 20712
346 39609
347 47591
348 38579
349 4379
350 42886
351 694
352 16421
353 44115
354 54013
355 1492
356 8664
357 45384
358 7037
359 31883
360 43990
361 6083
362 42021
363 21385
364 64813
365 32592
366 25425
367 2706
368 29130
369 11575
370 45659
371 61958
372 54147
373 45224
374 34709
375 58396
376 22562
377 6034
378 56325
379 36437
380 19576
381 49446
382 51654
383 2887
384 2015
385 57045
386 27636
387 57527
388 10745
389 54445
390 438
391 53753
392 9890
393 1190
394 22355
395 46143
396 21807
397 25674
398 38372
399 56752
400 30758
401 2909
402 51862
403 64901
404 35258
405 17615
406 7013
407 53013
408 56327
409 7473
410 23070
411 34447
412 49562
413 4862
414 27443
415 53758
416 53629
417 54916
418 14114
419 30949
420 41385
421 21269
422 48541
423 34708
424 17436
425 51060
426 8442
427 3841
428 27422
429 28111
430 7593
431 17154
432 15704
433 28438
434 57375
435 46405
436 52190
437 29981
438 13451
439 28871
440 8707
441 58178
442 42327
443 447
444 46102
445 49136
446 45521
447 6296
448 10898
449 61812
450 30141
451 26251
452 64342
453 27595
454 13864
455 15707
456 17656
457 38978
458 4786
459 48925
460 19800
461 28343
462 27252
463 35423
464 17314
465 51201
466 52297
467 58980
468 15649
469 1533
470 32595
471 42
472 36155
473 4923
474 1467
475 38054
476 40542
477 6263
478 37403
479 9130
480 39098
481 7895
482 8514
483 30871
484 22290
485 64173
486 65418
487 8764
488 2856
489 9171
490 12589
491 31709
492 18252
493 51475
494 1744
495 46984
496 17940
497 2718
498 33653
499 15455
500 8429
501 40690
502 52394
503 57839
504 62263
505 53444
506 2853
507 47346
508 30934
509 51790
510 58722
511 19230
512 45983
513 26875
514 49879
515 49933
516 45043
517 33487
518 46259
519 15552
520 16849
521 50594
522 16328
523 19540
524 13010
525 48134
526 28257
527 64797
528 44828
529 51510
530 31504
531 46924
532 58061
533 50359
534 5572
535 1849
536 999
537 26453
538 50834
539 26080
540 40817
541 41712
542 26255
543 34151
544 60165
545 1894
546 21488
547 50028
548 58398
549 59296
550 9190
551 24834
552 40757
553 30326
554 45841
555 45352
556 28101
557 45843
558 50675
559 44749
560 52311
561 27746
562 42569
563 14040
564 14346
565 49984
566 9646
567 10822
568 55785
569 33318
570 50598
571 736
572 38668
573 34091
574 34306
575 50686
576 32489
577 32589
578 20805
579 62728
580 9125
581 3455
582 54288
583 5018
584 19339
585 15802
586 17469
587 35899
588 62298
589 38244
590 31345
591 11027
592 8807
593 36978
594 43636
595 12828
596 26630
597 31984
598 27394
599 60459
600 58017
601 40512
602 19260
603 17692
604 9570
605 38968
606 30061
607 57216
608 18332
609 47332
610 18251
611 9836
612 31410
613 57507
614 3734
615 41873
616 41300
617 63526
618 49435
619 61722
620 56021
621 3084
622 5191
623 39777
624 14429
625 5304
626 56798
627 21737
628 39151
629 48665
630 39656
631 20793
632 57152
633 42715
634 30733
635 28071
636 12557
637 6684
638 14724
639 60553
640 1680
641 36629
642 27528
643 11971
644 20785
645 48801
646 36836
647 60519
648 50024
649 9396
650 13411
651 64494
652 32420
653 31195
654 3
655 25868
656 32464
657 6167
658 11683
659 40112
660 41874
661 14344
662 57886
663 26120
664 45698
665 39785
666 34028
667 51487
668 36771
669 59750
670 13765
671 3618
672 17223
673 45430
674 51614
675 39347
676 59544
677 54234
678 19350
679 38525
680 55863
681 56021
682 8728
683 62853
684 40387
685 19782
686 24623
687 11869
688 18143
689 4490
690 29573
