0 1
1 0
2 0
3 0
4 1
5 0
6 6
7 3
8 46
9 118
10 612
11 2012
12 8300
13 28340
14 35546
15 5611
16 40457
17 55093
18 23203
19 45072
20 981
21 41967
22 39998
23 60797
24 14390
25 22301
26 38495
27 50161
28 38073
29 32365
30 29709
31 8691
32 37809
33 27656
34 25634
35 16820
36 23208
37 58425
38 31306
39 51950
40 46343
41 51104
42 14627
43 26249
44 51509
45 28445
46 9780
47 35356
48 50123
49 12759
50 47417
51 321
52 26207
53 19701
54 6925
55 36539
56 3885
57 53446
58 1894
59 17551
60 58375
61 56045
62 45388
63 60026
64 11631
65 19263
66 58919
67 56747
68 34534
69 53715
70 20106
71 33427
72 35797
73 52967
74 7638
75 61649
76 11176
77 32853
78 16619
79 52346
80 22940
81 19074
82 28089
83 19452
84 16516
85 50431
86 7008
87 23142
88 27666
89 21758
90 62992
91 15782
92 40368
93 52633
94 2853
95 26297
96 45914
97 40137
98 62378
99 20856
100 37897
101 37314
102 38616
103 33965
104 5266
105 44968
106 52922
107 54533
108 51525
109 55162
110 64416
111 31003
112 12211
113 43260
114 41108
115 40836
116 48691
117 28708
118 18396
119 38351
120 52815
121 27681
122 39566
123 29757
124 6813
125 9832
126 600
127 43896
128 43375
129 56517
130 57977
131 63771
132 20648
133 18094
134 7631
135 21068
136 53424
137 38307
138 62318
139 56708
140 20443
141 9049
142 32829
143 50364
144 37766
145 43281
146 19317
147 37412
148 7378
149 54428
150 57682
151 26156
152 8058
153 41208
154 40975
155 40802
156 12716
157 2218
158 32253
159 63261
160 13301
161 1176
162 9099
163 37166
164 59480
165 21781
166 1725
167 27138
168 44750
169 4758
170 46301
171 21701
172 53571
173 3235
174 34530
175 15201
176 30341
177 41573
178 52897
179 65079
180 17543
181 64270
182 48567
183 33975
184 13648
185 15705
186 2294
187 12004
188 20489
189 34361
190 7371
191 28038
192 28728
193 13610
194 39507
195 24621
196 20232
197 24289
198 48392
199 23520
200 6009
201 59898
202 9206
203 43162
204 56397
205 44132
206 57845
207 13021
208 6044
209 31490
210 4309
211 57305
212 7358
213 25977
214 39314
215 21971
216 31836
217 43229
218 56196
219 53328
220 16352
221 22512
222 27722
223 36237
224 44828
225 13854
226 56160
227 50998
228 47161
229 35110
230 28878
231 43247
232 35870
233 64455
234 31467
235 57932
236 44648
237 20250
238 51336
239 62891
240 48756
241 33965
242 17265
243 32187
244 31812
245 28931
246 65013
247 4325
248 30908
249 12449
250 15642
251 21325
252 3782
253 36227
254 64696
255 2277
256 39033
257 45524
258 64820
259 29276
260 63292
261 235
262 40591
263 46238
264 12697
265 49425
266 31330
267 19110
268 59690
269 31954
270 13890
271 57207
272 59916
273 56578
274 21756
275 27323
276 4924
277 61933
278 39835
279 28728
280 45692
281 34388
282 9961
283 14711
284 31910
285 45546
286 3327
287 24585
288 26146
289 6644
290 10853
291 28060
292 40434
293 4508
294 65182
295 11133
296 37893
297 34571
298 20211
299 11018
300 59595
301 702
302 42873
303 21006
304 61838
305 62657
306 56343
307 52777
308 9778
309 9958
310 65305
311 23852
312 39041
313 28310
314 37302
315 7712
316 46011
317 35882
318 47374
319 50891
320 41199
321 32439
322 11744
323 16410
324 36609
325 33696
326 61995
327 41487
328 10894
329 42321
330 35669
331 84
332 45347
333 26170
334 29140
335 31365
336 38557
337 34915
338 17819
339 49553
340 4310
341 39489
342 29316
343 45474
344 11941
345 2000
346 57543
347 39494
348 2062
349 48400
350 51166
351 23485
352 19835
353 1230
354 43153
355 60435
356 8747
357 17951
358 3738
359 31500
360 62526
361 31505
362 28388
363 59290
364 62924
365 36646
366 39780
367 18731
368 53920
369 28190
370 39033
371 52192
372 20613
373 1285
374 49221
375 60282
376 33298
377 46533
378 6321
379 36197
380 31023
381 47179
382 22878
383 9833
384 8351
385 49667
386 12038
387 58100
388 47644
389 38909
390 50183
391 40741
392 54404
393 59812
394 10854
395 57094
396 53422
397 16777
398 12348
399 45391
400 24037
401 63189
402 63425
403 56539
404 30890
405 50573
406 21509
407 32886
408 30463
409 22350
410 15717
411 3046
412 15311
413 47176
414 9170
415 42117
416 54811
417 41384
418 20077
419 25330
420 9342
421 7405
422 55273
423 31546
424 40894
425 51739
426 27585
427 20640
428 21293
429 39964
430 49280
431 40642
432 60172
433 35795
434 5265
435 39854
436 41805
437 64331
438 22771
439 14234
440 4722
441 18237
442 4383
443 6263
444 46844
445 6580
446 29301
447 6475
448 31748
449 21428
450 42936
451 29282
452 32994
453 29860
454 45071
455 18541
456 59458
457 10072
458 64189
459 31087
460 62257
461 5194
462 32315
463 36106
464 26983
465 4164
466 18265
467 36327
468 33172
469 29521
470 3802
471 48326
472 51090
473 37194
474 25828
475 26299
476 43778
477 56461
478 57729
479 11174
480 23505
481 51944
482 47706
483 29251
484 376
485 50289
486 26677
487 44985
488 64794
489 32348
490 6330
491 8050
492 683
493 45661
494 42709
495 9267
496 20897
497 11760
498 57984
499 28265
500 30411
501 11458
502 55353
503 40870
504 33699
505 46590
506 58741
507 57843
508 63610
509 46493
510 14706
511 63959
512 45213
513 6076
514 33075
515 41202
516 41527
517 63566
518 64653
519 32570
520 61469
521 49744
522 19017
523 30736
524 6678
525 38447
526 37814
527 38892
528 38023
529 56475
530 36980
531 1568
532 56042
533 43457
534 63889
535 41375
536 50966
537 20039
538 53139
539 2060
540 6874
541 12231
542 50705
543 43844
544 14278
545 33190
546 16740
547 43668
548 47007
549 7862
550 47861
551 57509
552 33937
553 40082
554 37718
555 25686
556 43867
557 36213
558 43698
559 11053
560 7293
561 23371
562 53912
563 4868
564 62642
565 38696
566 24023
567 35462
568 20032
569 56504
570 29432
571 2043
572 1732
573 11723
574 18714
575 64814
576 6445
577 53046
578 2107
579 35925
580 23014
581 20347
582 27673
583 57166
584 11997
585 4176
586 10937
587 31078
588 53186
589 57017
590 42696
591 55511
592 31635
593 31026
594 51644
595 31584
596 1803
597 46731
598 58626
599 49880
600 16485
601 22274
602 35143
603 4166
604 32783
605 1222
606 23677
607 17680
608 29492
609 19999
610 53450
611 29242
612 35834
613 5757
614 29925
615 38677
616 40049
617 29164
618 3504
619 53818
620 28011
621 55856
622 59742
623 21970
624 18132
625 25799
626 56022
627 11158
628 4568
629 11661
630 43069
631 53681
632 31828
633 62289
634 18199
635 39552
636 4168
637 4533
638 11600
639 37655
640 59590
641 18917
642 39862
643 26579
644 2452
645 40789
646 7328
647 63436
648 39310
649 10202
650 8941
651 40177
652 50521
653 16148
654 26095
655 18075
656 64234
657 38195
658 40808
659 26921
660 37309
661 14405
662 30009
663 49433
664 17482
665 24731
666 15117
667 63847
668 44540
669 15829
670 29731
671 30923
672 32971
673 45649
674 10364
675 35934
676 47834
677 7528
678 55038
679 21722
680 27075
681 36042
682 48064
683 32348
684 6619
685 46372
686 41360
687 7072
688 27570
689 34160
690 51028
