0 1
1 0
2 0
3 0
4 1
5 0
6 6
7 3
8 46
9 118
10 612
11 2012
12 8300
13 28340
14 35654
15 6151
16 42185
17 60601
18 40267
19 30137
20 15931
21 58521
22 49839
23 55915
24 38102
25 8618
26 14840
27 47465
28 43890
29 1627
30 19922
31 55932
32 49931
33 37545
34 12076
35 62854
36 58867
37 27331
38 3977
39 2533
40 24030
41 37237
42 9902
43 64493
44 35253
45 42531
46 53508
47 19259
48 31036
49 38658
50 60175
51 24267
52 40968
53 59954
54 1275
55 57865
56 38574
57 12345
58 35407
59 43363
60 51207
61 37556
62 60737
63 38791
64 27609
65 9112
66 28377
67 36600
68 27409
69 33566
70 58034
71 40035
72 55603
73 13600
74 52770
75 10340
76 54196
77 15680
78 10598
79 45946
80 38611
81 62561
82 23513
83 34084
84 64217
85 146
86 62636
87 63061
88 60728
89 16221
90 26254
91 17946
92 16980
93 49766
94 40262
95 18888
96 38142
97 61246
98 23967
99 49804
100 18484
101 57708
102 27608
103 46618
104 46683
105 52163
106 5230
107 1935
108 42930
109 31862
110 1987
111 53637
112 53839
113 50057
114 35961
115 21556
116 16385
117 39821
118 18499
119 49781
120 12687
121 31238
122 40678
123 53862
124 51139
125 57627
126 1535
127 28722
128 49846
129 48971
130 38173
131 42013
132 17711
133 4358
134 14223
135 36907
136 37610
137 44766
138 1147
139 64676
140 36171
141 55682
142 57080
143 10701
144 43574
145 11244
146 27527
147 63533
148 32980
149 7282
150 59327
151 59565
152 42048
153 52145
154 807
155 3189
156 40813
157 28985
158 47988
159 2588
160 64510
161 56057
162 6371
163 8427
164 34107
165 11007
166 12910
167 35283
168 47404
169 48858
170 62864
171 30124
172 5517
173 49902
174 51238
175 30411
176 6479
177 5918
178 7449
179 61801
180 59492
181 2699
182 23393
183 34728
184 26226
185 13612
186 32615
187 59932
188 13638
189 10081
190 44545
191 9305
192 48398
193 1529
194 17311
195 18367
196 50724
197 31765
198 35984
199 18154
200 36075
201 8700
202 45866
203 43158
204 6881
205 45645
206 29136
207 29733
208 24816
209 52695
210 38436
211 11513
212 62515
213 62085
214 64074
215 60900
216 25005
217 53091
218 5890
219 19524
220 58463
221 16314
222 31921
223 63567
224 43872
225 51560
226 42470
227 46011
228 59920
229 56386
230 63093
231 41527
232 64787
233 18159
234 50173
235 29291
236 48128
237 14352
238 6278
239 23464
240 48707
241 15607
242 15935
243 51211
244 52010
245 36528
246 46736
247 1825
248 1040
249 16465
250 25361
251 9916
252 51789
253 18581
254 56827
255 36867
256 7018
257 6837
258 20051
259 9291
260 27176
261 37012
262 25763
263 49251
264 31337
265 50898
266 7773
267 62591
268 19374
269 47206
270 41809
271 55355
272 50760
273 60378
274 29455
275 6668
276 7657
277 12958
278 6974
279 42767
280 10611
281 14912
282 46938
283 17240
284 40607
285 21233
286 50121
287 48607
288 50390
289 37798
290 51305
291 34334
292 171
293 49411
294 33798
295 44997
296 62694
297 1681
298 1672
299 7106
300 32602
301 15054
302 19402
303 30945
304 15013
305 7177
306 16965
307 38486
308 21742
309 62624
310 36467
311 52394
312 8854
313 35801
314 58835
315 1216
316 28527
317 54388
318 27503
319 1454
320 44948
321 20856
322 36868
323 36392
324 54283
325 64787
326 2769
327 11077
328 17728
329 58335
330 44446
331 28236
332 53226
333 44432
334 8212
335 28335
336 26995
337 3270
338 9999
339 12806
340 8274
341 13886
342 29196
343 5830
344 2839
345 33511
346 25781
347 41105
348 18969
349 41817
350 8232
351 4776
352 41947
353 48135
354 19932
355 38444
356 8181
357 40022
358 14384
359 62146
360 11861
361 37423
362 40544
363 18922
364 257
365 18477
366 48243
367 43571
368 6330
369 9145
370 4132
371 45144
372 48071
373 29815
374 5502
375 20529
376 29591
377 50651
378 21251
379 9585
380 56060
381 30493
382 52679
383 44471
384 60047
385 47083
386 42451
387 54258
388 2421
389 31642
390 12574
391 39084
392 44326
393 65228
394 38795
395 18330
396 57804
397 2845
398 43684
399 2333
400 39240
401 35921
402 15698
403 37974
404 38963
405 42930
406 22525
407 29895
408 29539
409 18150
410 42130
411 8260
412 34008
413 32497
414 27187
415 45156
416 11829
417 59795
418 28785
419 17660
420 14842
421 54814
422 31372
423 44911
424 30605
425 32555
426 19543
427 28342
428 5860
429 3188
430 54207
431 56035
432 48034
433 28124
434 17914
435 14306
436 35631
437 39531
438 39190
439 34795
440 42822
441 6075
442 39848
443 39569
444 6616
445 53473
446 48035
447 49208
448 11098
449 17329
450 16247
451 59268
452 55380
453 50112
454 36296
455 20407
456 50372
457 63227
458 13459
459 59229
460 3895
461 19439
462 14916
463 10304
464 41323
465 18439
466 48039
467 30324
468 47088
469 2733
470 35133
471 8796
472 27623
473 36716
474 11265
475 6626
476 33547
477 46134
478 5716
479 42757
480 6546
481 34214
482 9826
483 3339
484 22183
485 27276
486 20681
487 32036
488 20972
489 21800
490 32862
491 5266
492 20659
493 11841
494 35233
495 15100
496 51718
497 47508
498 38417
499 35173
500 63506
501 2748
502 51239
503 19265
504 6584
505 23908
506 61997
507 21816
508 39724
509 49634
510 31495
511 21202
512 23601
513 57594
514 38260
515 9352
516 45163
517 18292
518 40330
519 33227
520 49735
521 65112
522 30116
523 48898
524 2872
525 46627
526 46804
527 42036
528 60974
529 44120
530 4058
531 4574
532 18172
533 40673
534 61655
535 30656
536 59687
537 36954
538 9373
539 34908
540 739
541 49664
542 60314
543 1536
544 60426
545 38319
546 50633
547 4945
548 61363
549 653
550 37797
551 6690
552 25598
553 12534
554 63813
555 33953
556 64428
557 58250
558 32153
559 23910
560 11630
561 52129
562 38108
563 11419
564 16693
565 32200
566 38517
567 13830
568 41063
569 15374
570 17937
571 44350
572 49576
573 63921
574 51030
575 1906
576 40042
577 30650
578 12939
579 33832
580 50401
581 46506
582 18405
583 65059
584 32913
585 13555
586 16063
587 49736
588 63190
589 19649
590 43277
591 33651
592 38063
593 40538
594 37701
595 16538
596 24258
597 52907
598 51514
599 57226
600 63491
601 31411
602 24039
603 61579
604 52621
605 14196
606 56569
607 31249
608 53440
609 45128
610 31941
611 50210
612 25163
613 32407
614 12452
615 37542
616 60964
617 15212
618 64670
619 59389
620 26963
621 41050
622 2747
623 13004
624 4078
625 8975
626 6524
627 2535
628 45814
629 8297
630 38373
631 5832
632 20120
633 18577
634 59396
635 15592
636 62144
637 38602
638 63909
639 54029
640 45140
641 452
642 46291
643 18114
644 61425
645 13276
646 11122
647 32559
648 48700
649 9723
650 63821
651 49132
652 11395
653 7885
654 2782
655 24354
656 35388
657 12471
658 62662
659 58795
660 54756
661 37940
662 35978
663 36773
664 21029
665 44649
666 27064
667 29731
668 31076
669 52105
670 57354
671 52211
672 63036
673 13014
674 24848
675 47403
676 23777
677 64381
678 14825
679 11839
680 47709
681 51601
682 19242
683 64524
684 7508
685 47403
686 4388
687 13850
688 24385
689 30228
690 13795
