0 1
1 0
2 0
3 0
4 1
5 0
6 6
7 3
8 46
9 118
10 612
11 2012
12 8300
13 28340
14 35612
15 5941
16 41513
17 58459
18 33631
19 10481
20 24602
21 30125
22 5601
23 63901
24 47605
25 60519
26 58607
27 57481
28 64237
29 13523
30 54375
31 47163
32 34469
33 22059
34 7040
35 28812
36 6109
37 35455
38 61446
39 29705
40 1649
41 39472
42 42241
43 62734
44 20593
45 55155
46 30717
47 7593
48 31657
49 63803
50 63614
51 54466
52 57458
53 11771
54 54192
55 16787
56 18248
57 31770
58 5385
59 28133
60 27795
61 23586
62 49262
63 1985
64 61092
65 22952
66 4000
67 17260
68 2799
69 46671
70 8818
71 47996
72 58450
73 53660
74 57147
75 16107
76 28158
77 13780
78 33501
79 36720
80 43210
81 29215
82 1904
83 19240
84 6512
85 46756
86 24469
87 25836
88 38975
89 36842
90 51021
91 12747
92 48463
93 6292
94 44385
95 44481
96 28846
97 13092
98 43498
99 15914
100 63861
101 1035
102 11590
103 8602
104 62079
105 13371
106 37319
107 23640
108 31443
109 20905
110 47611
111 61667
112 23511
113 43595
114 23765
115 24547
116 32799
117 31548
118 13154
119 62694
120 63004
121 38826
122 28678
123 54562
124 53701
125 38764
126 37533
127 4420
128 16825
129 34850
130 12942
131 41402
132 52628
133 30717
134 35725
135 2857
136 48672
137 21646
138 14989
139 35092
140 26429
141 3676
142 40459
143 56872
144 55752
145 50193
146 63513
147 22790
148 6188
149 34957
150 843
151 31249
152 39151
153 50514
154 19381
155 18926
156 51116
157 34871
158 60329
159 27181
160 36653
161 21864
162 29889
163 49041
164 27025
165 18983
166 46947
167 43563
168 20689
169 56803
170 64537
171 62024
172 52883
173 61437
174 51092
175 8859
176 3729
177 32071
178 3434
179 18255
180 54185
181 64960
182 42599
183 58986
184 7170
185 42170
186 42340
187 8298
188 41251
189 24389
190 42635
191 59104
192 17539
193 18394
194 11249
195 31199
196 47175
197 4641
198 17438
199 292
200 63324
201 60981
202 19106
203 8474
204 40319
205 36003
206 28740
207 15028
208 16751
209 57586
210 39836
211 21213
212 7757
213 63959
214 61979
215 28894
216 63988
217 61591
218 10854
219 44719
220 55495
221 19848
222 32264
223 49262
224 22864
225 36516
226 39481
227 22909
228 47381
229 35083
230 19926
231 22857
232 54035
233 53236
234 61597
235 44481
236 29648
237 27406
238 6461
239 5933
240 60907
241 50316
242 24135
243 40800
244 54227
245 2434
246 62871
247 10945
248 18126
249 64265
250 31883
251 45494
252 8313
253 30191
254 592
255 55934
256 5266
257 17387
258 46184
259 27818
260 28907
261 3299
262 35050
263 48649
264 2664
265 7151
266 2990
267 27979
268 34530
269 59792
270 35054
271 2353
272 28147
273 2098
274 42255
275 61242
276 47598
277 25187
278 18868
279 686
280 4447
281 17187
282 45357
283 23084
284 55478
285 54646
286 15325
287 15077
288 46258
289 62495
290 36285
291 23862
292 13371
293 23561
294 56745
295 2547
296 64731
297 58097
298 10903
299 48280
300 33673
301 58125
302 39614
303 60447
304 32154
305 21973
306 3336
307 42705
308 47648
309 38272
310 7220
311 23895
312 52626
313 38927
314 59019
315 44320
316 42457
317 53688
318 7958
319 22282
320 13590
321 48669
322 7483
323 59203
324 17516
325 4336
326 58624
327 28583
328 45269
329 4235
330 39274
331 34604
332 63080
333 6577
334 12663
335 43639
336 42766
337 58171
338 4039
339 27590
340 52315
341 52813
342 30905
343 27633
344 32759
345 11186
346 63147
347 29799
348 52665
349 52918
350 49303
351 3252
352 450
353 31240
354 53579
355 33174
356 41401
357 1701
358 61106
359 32649
360 65198
361 30248
362 45018
363 36368
364 12265
365 8445
366 15714
367 64218
368 53355
369 8042
370 14815
371 61327
372 7880
373 20501
374 6014
375 44365
376 53868
377 28532
378 40116
379 14658
380 23353
381 2093
382 60244
383 40016
384 39805
385 41350
386 58779
387 23734
388 15442
389 64594
390 5711
391 4150
392 43487
393 64009
394 48677
395 62420
396 27082
397 3654
398 64585
399 12807
400 41723
401 12745
402 54383
403 14148
404 27090
405 14549
406 24706
407 2695
408 22150
409 3350
410 20821
411 22063
412 47025
413 28739
414 3934
415 35580
416 25281
417 1540
418 65373
419 23805
420 5324
421 635
422 55501
423 48731
424 37835
425 9676
426 34262
427 49032
428 14218
429 1687
430 47686
431 51949
432 31485
433 7456
434 26605
435 38052
436 32229
437 63301
438 50551
439 48826
440 26678
441 2642
442 48479
443 44726
444 11440
445 51126
446 56087
447 24853
448 25739
449 16677
450 52042
451 27110
452 4379
453 35126
454 6676
455 62423
456 38213
457 15429
458 49789
459 61607
460 29466
461 43340
462 826
463 6524
464 6347
465 53691
466 15431
467 46059
468 52101
469 61308
470 58119
471 6060
472 53511
473 6413
474 22362
475 23395
476 22901
477 11893
478 55185
479 60889
480 24871
481 52650
482 39786
483 10095
484 9720
485 38256
486 61549
487 12471
488 22969
489 42377
490 45408
491 40361
492 41019
493 33031
494 47237
495 59891
496 15302
497 9046
498 63690
499 4409
500 57955
501 510
502 38285
503 8951
504 19385
505 57594
506 52639
507 1357
508 38409
509 54258
510 39567
511 33665
512 37538
513 23150
514 4761
515 60938
516 33136
517 26127
518 24533
519 30454
520 52725
521 25600
522 41337
523 58840
524 21790
525 14678
526 46263
527 308
528 60996
529 28513
530 8185
531 37867
532 3289
533 11076
534 46440
535 2727
536 49973
537 17300
538 44454
539 23027
540 51867
541 14627
542 15634
543 16107
544 11715
545 9233
546 57340
547 58506
548 32774
549 52458
550 6097
551 48132
552 18078
553 39365
554 20738
555 28687
556 16826
557 35758
558 65107
559 32686
560 2837
561 26317
562 50873
563 26665
564 20548
565 10462
566 60069
567 62248
568 23829
569 56480
570 61616
571 33491
572 51863
573 24890
574 50447
575 49243
576 37
577 10773
578 13406
579 38468
580 6576
581 55502
582 24628
583 62597
584 1259
585 41900
586 244
587 36789
588 27074
589 10011
590 21842
591 49111
592 53794
593 1615
594 57368
595 60669
596 59547
597 50273
598 7735
599 10727
600 27950
601 58611
602 17253
603 24035
604 31184
605 14795
606 1249
607 50454
608 31524
609 32467
610 50593
611 47201
612 46308
613 32825
614 17647
615 27118
616 26646
617 152
618 26975
619 866
620 27845
621 16852
622 62968
623 28255
624 3988
625 46479
626 21987
627 44455
628 2154
629 52847
630 41194
631 19942
632 57795
633 55830
634 10562
635 10006
636 61008
637 35328
638 34311
639 56947
640 64138
641 10833
642 26629
643 23612
644 30270
645 59871
646 11580
647 28094
648 24797
649 38145
650 28205
651 60797
652 6643
653 17557
654 23363
655 19102
656 62163
657 14897
658 54394
659 34742
660 44267
661 13720
662 23393
663 38926
664 32784
665 19120
666 24868
667 12406
668 8054
669 19041
670 40107
671 19741
672 48010
673 9085
674 19320
675 49001
676 34082
677 1288
678 25833
679 37931
680 29992
681 41619
682 39077
683 43820
684 58539
685 46608
686 22074
687 42214
688 48822
689 31142
690 9153
