0 1
1 0
2 0
3 0
4 1
5 0
6 6
7 3
8 46
9 118
10 612
11 2012
12 8300
13 28340
14 35588
15 5821
16 41129
17 57235
18 29839
19 64686
20 57639
21 4626
22 17941
23 50447
24 64156
25 19955
26 20259
27 7206
28 41184
29 42270
30 42263
31 37229
32 62125
33 15424
34 1754
35 61220
36 63572
37 9266
38 14039
39 50880
40 15602
41 25890
42 55114
43 64498
44 13340
45 55232
46 53218
47 23861
48 27687
49 15343
50 44822
51 65346
52 26400
53 29064
54 55000
55 12807
56 49406
57 6528
58 27307
59 61707
60 32645
61 44775
62 14539
63 50144
64 31909
65 31189
66 9054
67 16147
68 22105
69 15038
70 61587
71 7905
72 25452
73 38496
74 40741
75 32199
76 22877
77 56172
78 63021
79 19950
80 44275
81 20862
82 4251
83 56118
84 41993
85 45480
86 59812
87 6917
88 50674
89 24379
90 6490
91 16657
92 20780
93 16313
94 17275
95 7448
96 48962
97 53912
98 7813
99 25005
100 4088
101 63932
102 12270
103 22921
104 29486
105 5960
106 35674
107 17228
108 915
109 11463
110 52599
111 64511
112 39047
113 47130
114 5064
115 22102
116 59641
117 52249
118 735
119 18445
120 30136
121 49813
122 16872
123 3617
124 57106
125 43869
126 29120
127 8382
128 26046
129 52261
130 61932
131 10279
132 50939
133 55569
134 7677
135 35853
136 39377
137 52029
138 27014
139 4508
140 24682
141 45140
142 38988
143 52640
144 65042
145 59331
146 26067
147 17005
148 3553
149 20100
150 24452
151 51173
152 64105
153 29149
154 21580
155 64446
156 58069
157 4635
158 16347
159 42468
160 39461
161 31387
162 23047
163 10872
164 36383
165 28092
166 60884
167 18175
168 6270
169 51440
170 65157
171 34368
172 9801
173 41203
174 59829
175 14042
176 52439
177 38296
178 31304
179 39930
180 42307
181 30334
182 4517
183 53315
184 21001
185 8979
186 58263
187 53523
188 56506
189 13596
190 54552
191 36316
192 11954
193 55439
194 25765
195 16467
196 15589
197 45477
198 44870
199 18605
200 33409
201 13118
202 56212
203 15326
204 33106
205 31128
206 10062
207 30578
208 14037
209 39331
210 24116
211 40230
212 15575
213 38017
214 32038
215 13074
216 59175
217 27798
218 64844
219 64914
220 534
221 54452
222 2899
223 33654
224 64272
225 48712
226 30421
227 25666
228 1929
229 61716
230 22121
231 32022
232 26522
233 51462
234 12547
235 59369
236 49892
237 10671
238 48235
239 17701
240 57353
241 55569
242 22919
243 64704
244 11264
245 36054
246 20384
247 35434
248 35895
249 43816
250 10933
251 32156
252 48295
253 40813
254 61065
255 6220
256 11071
257 8784
258 50260
259 24872
260 17262
261 55557
262 62673
263 55714
264 39089
265 59682
266 28165
267 25907
268 30612
269 6369
270 4949
271 64830
272 8827
273 54983
274 14750
275 33624
276 15848
277 41493
278 29866
279 5626
280 3537
281 36440
282 24189
283 55862
284 43113
285 25071
286 3240
287 36947
288 49295
289 17944
290 695
291 28181
292 30513
293 32641
294 4043
295 34473
296 14750
297 34767
298 1850
299 51341
300 139
301 25734
302 30530
303 23206
304 6652
305 19113
306 39177
307 26297
308 40363
309 29750
310 20150
311 48366
312 13807
313 57713
314 25906
315 52172
316 53974
317 5442
318 58911
319 54130
320 20459
321 18966
322 18603
323 37537
324 5930
325 53914
326 22540
327 1210
328 16993
329 56065
330 2660
331 9490
332 47534
333 58629
334 30955
335 35157
336 58035
337 34797
338 52218
339 19434
340 60919
341 22346
342 18847
343 9417
344 28279
345 61229
346 64948
347 26897
348 51753
349 27570
350 64958
351 53358
352 37445
353 772
354 63863
355 4786
356 21707
357 11440
358 62984
359 32382
360 13827
361 37154
362 18135
363 12868
364 8829
365 43866
366 34029
367 46063
368 36205
369 59623
370 26231
371 57060
372 59225
373 65339
374 22378
375 28409
376 2112
377 28031
378 41128
379 62288
380 64994
381 56806
382 40361
383 1673
384 44802
385 49608
386 21111
387 46973
388 11970
389 43358
390 56054
391 29496
392 40826
393 38232
394 64055
395 20276
396 43040
397 12048
398 23963
399 63225
400 46286
401 65355
402 51835
403 49022
404 10129
405 28625
406 51487
407 35762
408 63808
409 23043
410 58417
411 255
412 33731
413 45457
414 48957
415 370
416 30354
417 49051
418 8738
419 49869
420 53464
421 38759
422 65199
423 10415
424 22034
425 33172
426 4420
427 63439
428 12979
429 36488
430 21750
431 13145
432 63405
433 59977
434 2
435 41645
436 11363
437 36046
438 10197
439 60920
440 62718
441 61159
442 59142
443 6197
444 41006
445 58241
446 53088
447 10183
448 46716
449 1247
450 31896
451 2957
452 30935
453 42437
454 65263
455 54824
456 63556
457 64877
458 48509
459 41018
460 34512
461 42875
462 56546
463 30391
464 6170
465 4982
466 21434
467 51712
468 41984
469 16038
470 5347
471 34399
472 8781
473 53082
474 47374
475 51801
476 25651
477 34239
478 52378
479 31197
480 59447
481 49250
482 41988
483 52630
484 16832
485 55344
486 56955
487 11462
488 6838
489 23254
490 7372
491 65418
492 2336
493 35009
494 64373
495 62792
496 25274
497 59392
498 64686
499 23087
500 23029
501 63529
502 26890
503 34386
504 18121
505 49813
506 2535
507 33613
508 7041
509 23506
510 2012
511 48833
512 52847
513 53303
514 25695
515 63013
516 16504
517 15761
518 33848
519 6538
520 19939
521 22662
522 44007
523 28359
524 4304
525 44849
526 16149
527 56943
528 51313
529 4336
530 12992
531 60531
532 28319
533 11734
534 17301
535 58352
536 39036
537 19905
538 16686
539 49871
540 8593
541 2851
542 6241
543 8877
544 52894
545 17200
546 37404
547 36454
548 43041
549 51594
550 32897
551 52998
552 31919
553 41746
554 48760
555 44661
556 10492
557 19947
558 32886
559 64184
560 43119
561 16357
562 13288
563 12376
564 49596
565 27807
566 55635
567 60345
568 43971
569 26313
570 50310
571 43011
572 5504
573 58234
574 59077
575 49621
576 17633
577 62366
578 33792
579 32938
580 2416
581 20493
582 21070
583 14134
584 36801
585 40039
586 5574
587 57170
588 10337
589 33934
590 36558
591 2652
592 56662
593 10957
594 53725
595 58221
596 30771
597 29306
598 23453
599 11457
600 63639
601 52511
602 36489
603 65065
604 65257
605 47902
606 44991
607 29383
608 42809
609 55523
610 11419
611 47123
612 52099
613 22655
614 64662
615 64148
616 23395
617 29023
618 45185
619 16340
620 31776
621 62114
622 11056
623 29564
624 22543
625 53374
626 52669
627 39679
628 2448
629 899
630 11975
631 9731
632 55556
633 62027
634 57336
635 38005
636 31058
637 32600
638 49869
639 42620
640 24798
641 61469
642 16392
643 39591
644 9225
645 27044
646 5772
647 48617
648 28213
649 9273
650 41468
651 54104
652 25366
653 46013
654 37977
655 48457
656 46205
657 57047
658 36923
659 29161
660 3377
661 44632
662 18975
663 52272
664 50632
665 35634
666 11048
667 3668
668 9958
669 21774
670 23624
671 57291
672 601
673 30466
674 20298
675 20733
676 5636
677 36960
678 29193
679 14924
680 8306
681 8872
682 33031
683 44261
684 31196
685 29604
686 17567
687 38003
688 21247
689 34353
690 9638
