0 1
1 0
2 0
3 0
4 1
5 0
6 6
7 3
8 46
9 118
10 612
11 2012
12 8300
13 28340
14 35672
15 6241
16 42473
17 61519
18 43111
19 38561
20 40249
21 61406
22 40944
23 34283
24 44574
25 45503
26 59891
27 43683
28 44291
29 32411
30 49188
31 39279
32 53434
33 16885
34 62706
35 30261
36 64918
37 36167
38 49233
39 8317
40 24916
41 38013
42 58571
43 62649
44 56429
45 50428
46 19727
47 37525
48 48061
49 11712
50 46900
51 42665
52 58211
53 1691
54 29838
55 41647
56 15758
57 52232
58 22728
59 54931
60 53974
61 40950
62 63971
63 9603
64 37559
65 35529
66 55734
67 52479
68 59360
69 3656
70 49900
71 43519
72 5106
73 63405
74 5859
75 39925
76 18435
77 27626
78 59304
79 15203
80 31983
81 19131
82 3988
83 53125
84 30924
85 51217
86 46175
87 4335
88 60760
89 44295
90 63762
91 55993
92 2522
93 64147
94 56897
95 32345
96 1827
97 3781
98 61150
99 40088
100 60603
101 22034
102 9474
103 53417
104 60962
105 26995
106 60327
107 27382
108 16293
109 9104
110 47933
111 27514
112 1539
113 51500
114 12773
115 62993
116 14526
117 65212
118 14195
119 39237
120 43278
121 17400
122 62121
123 31605
124 8137
125 60119
126 61269
127 26530
128 23985
129 26485
130 22923
131 42544
132 37968
133 32409
134 19291
135 38579
136 35117
137 25798
138 62411
139 27261
140 15068
141 44776
142 10867
143 61535
144 52609
145 17754
146 21138
147 7708
148 25497
149 56815
150 27214
151 65229
152 11129
153 43418
154 45600
155 11843
156 4375
157 8956
158 4107
159 35827
160 40442
161 3288
162 2950
163 57169
164 16906
165 37930
166 30453
167 47760
168 35201
169 36711
170 9740
171 10206
172 11543
173 59018
174 55747
175 48464
176 57057
177 32813
178 42917
179 30176
180 1563
181 21146
182 3030
183 59023
184 47923
185 29238
186 12138
187 36459
188 5213
189 16975
190 20820
191 7815
192 4036
193 34905
194 4009
195 34757
196 46624
197 30278
198 11106
199 24648
200 6458
201 38616
202 33571
203 20080
204 25491
205 20297
206 42726
207 3058
208 54809
209 45976
210 33282
211 3417
212 5856
213 64561
214 35746
215 1971
216 3357
217 24697
218 16867
219 20859
220 17334
221 14438
222 19167
223 35946
224 38576
225 61118
226 57231
227 9892
228 6553
229 51764
230 680
231 33899
232 60254
233 32415
234 59808
235 49785
236 12784
237 53345
238 45923
239 55617
240 34250
241 38606
242 26256
243 40331
244 20518
245 26082
246 2091
247 39823
248 18298
249 46410
250 54212
251 54616
252 44077
253 46534
254 22834
255 49986
256 5939
257 15573
258 16266
259 26186
260 6505
261 46026
262 4830
263 13684
264 60807
265 5153
266 18886
267 10266
268 20665
269 57224
270 51124
271 63093
272 44530
273 34692
274 38103
275 97
276 27380
277 37332
278 19489
279 10416
280 2239
281 37701
282 55084
283 4815
284 32055
285 54894
286 59678
287 53661
288 29662
289 8157
290 11499
291 49460
292 34030
293 59455
294 34155
295 15865
296 25371
297 48194
298 38433
299 312
300 57534
301 37103
302 27345
303 20118
304 42200
305 44717
306 57006
307 34359
308 55124
309 2998
310 50846
311 1327
312 8018
313 61128
314 1847
315 945
316 28763
317 6062
318 390
319 57782
320 42072
321 29111
322 36078
323 29190
324 30950
325 41920
326 12422
327 64676
328 31288
329 50367
330 36100
331 13334
332 33521
333 58848
334 9891
335 6564
336 47896
337 26115
338 18325
339 50640
340 1942
341 26072
342 40147
343 7366
344 40288
345 36962
346 13326
347 53280
348 13788
349 36776
350 57815
351 31760
352 63968
353 21094
354 8407
355 25272
356 49263
357 52528
358 38125
359 42727
360 13557
361 15610
362 42919
363 8606
364 62899
365 1152
366 15655
367 42957
368 62850
369 60066
370 27619
371 40529
372 16375
373 34721
374 28701
375 12918
376 54201
377 45502
378 7129
379 37051
380 1350
381 29489
382 44397
383 16312
384 34332
385 25040
386 30316
387 24175
388 51634
389 25307
390 10227
391 9579
392 29791
393 62915
394 61342
395 26478
396 55563
397 42591
398 60656
399 17666
400 19254
401 25304
402 37096
403 65279
404 34178
405 51809
406 7724
407 1
408 58398
409 51602
410 5709
411 3978
412 27897
413 37978
414 10776
415 26676
416 44518
417 41096
418 8940
419 36531
420 11973
421 42164
422 36665
423 31528
424 37410
425 7999
426 32207
427 43228
428 62118
429 42513
430 42976
431 2596
432 15493
433 3905
434 41775
435 56988
436 8596
437 56996
438 55750
439 28757
440 5404
441 53112
442 62530
443 51339
444 7622
445 8605
446 29245
447 36071
448 53780
449 87
450 13114
451 60602
452 56402
453 59906
454 63249
455 3711
456 57536
457 22329
458 30127
459 1284
460 59536
461 20719
462 7692
463 32284
464 11747
465 51502
466 28913
467 10727
468 22088
469 19385
470 30526
471 2637
472 16472
473 29818
474 59372
475 21858
476 31401
477 18360
478 57620
479 23322
480 17763
481 12812
482 34513
483 38165
484 47000
485 41075
486 58302
487 44196
488 27888
489 9189
490 14339
491 30001
492 31791
493 14067
494 10494
495 59065
496 11362
497 40763
498 46815
499 49251
500 32019
501 46956
502 461
503 62232
504 10674
505 59199
506 18700
507 28757
508 18236
509 52266
510 36477
511 22198
512 52236
513 64450
514 61112
515 31239
516 55298
517 40244
518 40246
519 33066
520 17965
521 4379
522 43020
523 48579
524 47434
525 3989
526 6593
527 15382
528 43945
529 52749
530 55051
531 12248
532 54301
533 43010
534 4655
535 11764
536 14512
537 3951
538 36082
539 32578
540 8372
541 31918
542 58655
543 48523
544 37708
545 27668
546 26636
547 60823
548 10164
549 62726
550 36230
551 19747
552 8173
553 16592
554 13710
555 7769
556 501
557 31094
558 24239
559 4455
560 12512
561 17182
562 26817
563 10822
564 59283
565 59103
566 35518
567 51668
568 19670
569 25947
570 27741
571 31490
572 6991
573 50471
574 5113
575 9417
576 54291
577 20185
578 35111
579 334
580 11214
581 48920
582 40851
583 13506
584 64862
585 31631
586 40832
587 50201
588 35046
589 6202
590 47503
591 48095
592 25937
593 52883
594 14797
595 33647
596 47787
597 43507
598 32341
599 58953
600 32066
601 31559
602 43876
603 40783
604 37750
605 15778
606 20074
607 44203
608 35085
609 30743
610 20648
611 43604
612 45803
613 44412
614 57394
615 18870
616 1671
617 27878
618 30960
619 4597
620 5706
621 3390
622 2750
623 21287
624 58661
625 28470
626 263
627 59597
628 55463
629 58407
630 49426
631 12033
632 27335
633 27298
634 59321
635 10105
636 25125
637 19459
638 46794
639 52125
640 59615
641 57920
642 20653
643 8906
644 41828
645 52047
646 38688
647 53263
648 62063
649 51889
650 17398
651 24249
652 46700
653 17948
654 18129
655 47214
656 53790
657 41200
658 63659
659 41504
660 51036
661 20974
662 5445
663 5381
664 55064
665 6170
666 25063
667 1915
668 59074
669 34137
670 15077
671 60379
672 51756
673 27917
674 64769
675 25476
676 40743
677 55071
678 55013
679 57768
680 10147
681 11727
682 7607
683 14173
684 63366
685 51913
686 2468
687 45615
688 56469
689 15251
690 47221
