0 1
1 0
2 0
3 0
4 1
5 0
6 6
7 3
8 46
9 118
10 612
11 2012
12 8300
13 28340
14 35506
15 5411
16 39817
17 53053
18 16883
19 26392
20 12540
21 21605
22 17872
23 62700
24 48585
25 15187
26 38888
27 49413
28 35518
29 52283
30 28237
31 21337
32 52309
33 39986
34 2559
35 9292
36 2198
37 56548
38 33489
39 19946
40 21689
41 37336
42 912
43 47806
44 38933
45 26646
46 57270
47 54046
48 42353
49 41180
50 26947
51 1730
52 48314
53 49721
54 59342
55 57448
56 48136
57 53123
58 13947
59 45947
60 47381
61 60175
62 25784
63 29802
64 32015
65 35061
66 52425
67 62982
68 62290
69 9117
70 16245
71 43915
72 26907
73 55326
74 56993
75 64809
76 7203
77 4163
78 23656
79 54532
80 53501
81 43828
82 44415
83 38044
84 34249
85 3543
86 49032
87 802
88 41785
89 16744
90 11863
91 21407
92 14718
93 26957
94 8293
95 15136
96 27061
97 21188
98 13869
99 20705
100 47304
101 36591
102 26424
103 17599
104 18373
105 38003
106 3624
107 52353
108 10052
109 49309
110 2239
111 63081
112 5602
113 50223
114 49038
115 15621
116 175
117 59022
118 25638
119 31021
120 49613
121 10924
122 413
123 11769
124 48934
125 3612
126 64481
127 24801
128 29988
129 37802
130 16012
131 22461
132 58984
133 18516
134 61686
135 34570
136 62537
137 26177
138 33438
139 56122
140 13472
141 24878
142 45086
143 1792
144 59213
145 41055
146 27904
147 63157
148 17496
149 7708
150 19144
151 1827
152 34305
153 25615
154 19600
155 6172
156 43435
157 61769
158 27881
159 4527
160 64740
161 57918
162 40229
163 10006
164 64337
165 51256
166 41088
167 16794
168 49529
169 30425
170 18108
171 8705
172 44157
173 55595
174 21780
175 21948
176 38780
177 4981
178 55069
179 53937
180 51768
181 3625
182 11399
183 33360
184 7642
185 27013
186 52956
187 27517
188 57091
189 52373
190 5443
191 31079
192 56004
193 35794
194 26843
195 37235
196 54765
197 24385
198 59076
199 39939
200 41385
201 63458
202 44396
203 51946
204 7010
205 27081
206 8891
207 22687
208 53582
209 39974
210 60881
211 24226
212 10513
213 45500
214 44296
215 58092
216 36014
217 63530
218 7744
219 7734
220 30733
221 32104
222 28205
223 39167
224 6992
225 64572
226 5539
227 11172
228 18660
229 42241
230 49276
231 32885
232 45871
233 8958
234 49600
235 1603
236 9114
237 19559
238 50934
239 57217
240 49428
241 48451
242 31053
243 34159
244 29762
245 38537
246 3864
247 59561
248 40955
249 10662
250 49246
251 32383
252 9595
253 25524
254 63507
255 46327
256 15334
257 57531
258 25528
259 3076
260 34503
261 64160
262 47910
263 58795
264 44496
265 61270
266 44102
267 21783
268 20562
269 13104
270 19636
271 60452
272 34533
273 24874
274 8869
275 22761
276 50060
277 11727
278 48795
279 2637
280 42598
281 21427
282 19178
283 47169
284 10419
285 40820
286 25526
287 34709
288 42033
289 47084
290 40074
291 35726
292 23711
293 49338
294 30
295 39016
296 29442
297 39356
298 39349
299 29105
300 27482
301 59548
302 44689
303 42575
304 39843
305 25758
306 9992
307 4303
308 27865
309 61499
310 38803
311 57671
312 26765
313 25759
314 9816
315 39227
316 48051
317 47331
318 40272
319 12796
320 50798
321 527
322 20685
323 20561
324 64718
325 40105
326 42086
327 37708
328 56864
329 55840
330 33685
331 44249
332 35892
333 21616
334 35471
335 35384
336 28604
337 52508
338 59785
339 26270
340 2012
341 26530
342 32060
343 17478
344 7027
345 23448
346 54399
347 7550
348 16664
349 10677
350 45089
351 18956
352 57544
353 6683
354 44359
355 23453
356 57852
357 13403
358 48578
359 38091
360 7273
361 59929
362 43199
363 21021
364 31767
365 8723
366 29776
367 34821
368 16082
369 19574
370 33319
371 57545
372 43981
373 41611
374 44607
375 6795
376 64336
377 9192
378 53485
379 7462
380 60762
381 51115
382 30359
383 56694
384 20298
385 11051
386 58579
387 5808
388 61010
389 34472
390 53191
391 52548
392 43142
393 10177
394 59511
395 60646
396 27355
397 36233
398 34246
399 2101
400 21120
401 47639
402 29081
403 53985
404 22392
405 65176
406 26348
407 3002
408 40140
409 30074
410 3090
411 35925
412 44980
413 20017
414 17817
415 53731
416 15481
417 306
418 52389
419 40897
420 35428
421 37296
422 1329
423 25680
424 28442
425 16168
426 55408
427 31726
428 6807
429 25859
430 43206
431 47884
432 40403
433 31744
434 15800
435 64184
436 6004
437 23902
438 8528
439 25263
440 5683
441 57985
442 19197
443 53028
444 7602
445 9303
446 41184
447 63068
448 31835
449 5437
450 46550
451 19096
452 3974
453 41264
454 16435
455 63816
456 48073
457 43668
458 46572
459 24428
460 8913
461 30213
462 23757
463 55668
464 2446
465 59021
466 51041
467 17849
468 40138
469 60886
470 5868
471 34763
472 20273
473 15477
474 55729
475 56255
476 43417
477 28827
478 52570
479 3846
480 16299
481 32641
482 43669
483 53143
484 51109
485 30483
486 56036
487 9931
488 224
489 48128
490 7264
491 8115
492 11732
493 22283
494 61687
495 55263
496 15315
497 63638
498 31848
499 25894
500 58175
501 14343
502 10451
503 31838
504 15301
505 55236
506 12728
507 25416
508 47586
509 29207
510 51759
511 44255
512 29189
513 24397
514 11233
515 63703
516 4500
517 31619
518 46803
519 40056
520 61164
521 42634
522 14736
523 22120
524 35664
525 28194
526 28966
527 29984
528 4060
529 53333
530 6379
531 31230
532 44460
533 32451
534 23140
535 648
536 14303
537 64321
538 62760
539 367
540 51171
541 40716
542 37854
543 5974
544 13855
545 2190
546 54078
547 43502
548 15891
549 45788
550 730
551 19888
552 34200
553 2299
554 14150
555 33042
556 56440
557 64280
558 25896
559 49238
560 43383
561 765
562 40051
563 58472
564 55767
565 40124
566 61470
567 31443
568 32792
569 6934
570 18670
571 29462
572 4065
573 54468
574 25752
575 57574
576 40673
577 21235
578 37957
579 20388
580 27084
581 25522
582 51029
583 63091
584 62931
585 10135
586 50077
587 54106
588 27787
589 39799
590 25709
591 12483
592 18515
593 8118
594 16325
595 31761
596 57305
597 1707
598 54798
599 35937
600 55844
601 47658
602 41551
603 8980
604 62211
605 22833
606 38538
607 22730
608 51726
609 9887
610 15090
611 9575
612 5916
613 55487
614 24711
615 34515
616 59141
617 17233
618 52484
619 13810
620 60017
621 64144
622 5953
623 26370
624 57862
625 12843
626 45438
627 44961
628 37650
629 26463
630 31788
631 44762
632 48635
633 34011
634 30041
635 36100
636 22765
637 61523
638 27996
639 43062
640 6778
641 41776
642 32233
643 37609
644 49560
645 7150
646 42034
647 61935
648 63518
649 946
650 18913
651 34307
652 58137
653 291
654 46517
655 21977
656 57398
657 63153
658 34234
659 6671
660 59958
661 11805
662 3669
663 39993
664 16436
665 19156
666 60158
667 8516
668 48304
669 7555
670 6552
671 31403
672 16458
673 42050
674 14047
675 38570
676 65040
677 14523
678 28896
679 8592
680 15889
681 64550
682 57112
683 30799
684 8383
685 63755
686 48640
687 22658
688 53217
689 64554
690 53122
