0 1
1 0
2 0
3 0
4 1
5 0
6 6
7 3
8 46
9 118
10 612
11 2012
12 8300
13 28340
14 35698
15 6371
16 42889
17 62845
18 47219
19 50729
20 10048
21 29344
22 50062
23 39838
24 47935
25 14920
26 24285
27 7748
28 57833
29 34385
30 53649
31 15409
32 38753
33 20301
34 18570
35 8458
36 59569
37 40013
38 13659
39 34680
40 58829
41 43969
42 35840
43 7690
44 56993
45 2035
46 56400
47 23216
48 21529
49 45951
50 1163
51 63735
52 54180
53 41003
54 22336
55 61647
56 58516
57 19103
58 903
59 1287
60 51840
61 20547
62 30064
63 22174
64 28508
65 49245
66 12902
67 14418
68 11049
69 30387
70 56834
71 55575
72 50595
73 39372
74 40364
75 16923
76 37783
77 36619
78 33222
79 26569
80 36885
81 3366
82 8468
83 14686
84 55133
85 38269
86 14479
87 2519
88 46058
89 24315
90 5469
91 46765
92 50797
93 12372
94 42536
95 11167
96 36554
97 32858
98 26604
99 22722
100 19319
101 28364
102 38086
103 58318
104 2388
105 45894
106 20865
107 2403
108 29399
109 11538
110 23071
111 14045
112 10805
113 25211
114 16838
115 37744
116 57209
117 2483
118 8359
119 31395
120 39455
121 64533
122 16936
123 55114
124 42502
125 56373
126 18075
127 39628
128 64939
129 47616
130 3960
131 15625
132 58806
133 56506
134 3812
135 938
136 50611
137 3277
138 49636
139 49223
140 31637
141 28447
142 1624
143 29131
144 7803
145 42627
146 11484
147 54011
148 20479
149 23013
150 18438
151 61407
152 24157
153 34492
154 51504
155 64565
156 55177
157 45441
158 22505
159 4742
160 63479
161 61258
162 19404
163 56401
164 14433
165 48443
166 10512
167 18322
168 65241
169 27699
170 53161
171 20801
172 42379
173 24909
174 33436
175 36389
176 40629
177 55992
178 7887
179 24083
180 39172
181 20896
182 41633
183 47472
184 7742
185 38498
186 34290
187 64155
188 25207
189 4995
190 3294
191 14982
192 52406
193 64376
194 62845
195 41933
196 46950
197 29123
198 25006
199 9354
200 7996
201 13433
202 42035
203 2209
204 37931
205 17500
206 20259
207 30708
208 29691
209 25025
210 26123
211 48062
212 54804
213 33367
214 61176
215 40257
216 50874
217 14919
218 17795
219 10799
220 36865
221 64974
222 29830
223 56750
224 57052
225 44391
226 64
227 3372
228 45033
229 13734
230 34867
231 42179
232 63855
233 44345
234 27367
235 39422
236 34617
237 14894
238 40684
239 17018
240 60069
241 5980
242 19648
243 9008
244 24141
245 51855
246 34822
247 42678
248 7342
249 51771
250 48170
251 21910
252 6328
253 15945
254 16483
255 20134
256 33450
257 1461
258 62866
259 44256
260 19103
261 52565
262 4435
263 49766
264 22017
265 31412
266 57023
267 19529
268 48439
269 33495
270 28225
271 3511
272 3180
273 12505
274 1192
275 25546
276 45667
277 42928
278 37293
279 30558
280 4262
281 1321
282 55682
283 39341
284 58617
285 26886
286 52398
287 51785
288 12010
289 21740
290 12093
291 43304
292 31157
293 20947
294 63448
295 54340
296 10634
297 12189
298 39272
299 65041
300 2479
301 55781
302 40422
303 23455
304 31189
305 9519
306 20838
307 7031
308 25421
309 9942
310 20372
311 18083
312 46384
313 44915
314 52656
315 5086
316 49333
317 59467
318 28215
319 35338
320 28917
321 38284
322 51706
323 47636
324 3583
325 18645
326 49333
327 26565
328 5273
329 36463
330 22240
331 9899
332 23264
333 24316
334 7194
335 39409
336 13422
337 11458
338 13362
339 22434
340 26985
341 139
342 44480
343 19045
344 43214
345 16865
346 46625
347 35629
348 2028
349 45645
350 21884
351 42289
352 49411
353 63590
354 32102
355 43402
356 31060
357 20002
358 14341
359 51776
360 49302
361 44335
362 59446
363 18718
364 37915
365 59504
366 5965
367 51457
368 29354
369 609
370 45613
371 4862
372 31713
373 4057
374 9322
375 27573
376 39178
377 34194
378 35524
379 36926
380 64597
381 61256
382 24719
383 17350
384 9108
385 55851
386 55156
387 50768
388 35293
389 5653
390 41804
391 60693
392 42295
393 35649
394 52048
395 22230
396 12653
397 60016
398 26199
399 26471
400 21004
401 25175
402 3636
403 37940
404 43047
405 12922
406 32099
407 18869
408 39485
409 5841
410 41843
411 54163
412 46255
413 45838
414 36258
415 31002
416 55469
417 19102
418 20764
419 19584
420 47930
421 23249
422 26821
423 13429
424 27822
425 49620
426 4568
427 48128
428 24923
429 43490
430 5869
431 21605
432 56436
433 15740
434 17358
435 7201
436 3438
437 56455
438 11143
439 44140
440 55980
441 58661
442 53745
443 37698
444 56709
445 681
446 29197
447 3665
448 37547
449 16538
450 16842
451 33458
452 33827
453 40969
454 44460
455 52455
456 15948
457 37990
458 53004
459 47055
460 62483
461 17413
462 41952
463 23341
464 29608
465 31600
466 22172
467 63768
468 14106
469 52769
470 44380
471 32249
472 36981
473 14396
474 21351
475 40871
476 34777
477 2544
478 6840
479 49209
480 1412
481 6689
482 49251
483 56732
484 52508
485 50937
486 4860
487 14846
488 48617
489 49620
490 57707
491 49074
492 14422
493 13871
494 2800
495 42873
496 49424
497 49182
498 25721
499 27570
500 26326
501 55390
502 23074
503 38850
504 47834
505 51326
506 37130
507 26789
508 56445
509 27831
510 56366
511 24576
512 25844
513 63478
514 28213
515 44788
516 6187
517 5417
518 51587
519 48104
520 27112
521 34830
522 27782
523 46871
524 1073
525 33995
526 38655
527 56115
528 47478
529 33020
530 11897
531 53237
532 36154
533 44119
534 18949
535 51576
536 43686
537 46054
538 28902
539 947
540 38794
541 51245
542 34041
543 60863
544 58000
545 27884
546 47939
547 17875
548 1996
549 18860
550 27782
551 35558
552 62222
553 7837
554 40023
555 17696
556 51233
557 51421
558 64701
559 17605
560 64371
561 27949
562 50529
563 57579
564 17914
565 50233
566 36918
567 49791
568 51531
569 28905
570 45377
571 36748
572 52316
573 36949
574 48910
575 30722
576 22366
577 21732
578 24756
579 53158
580 6669
581 2246
582 21353
583 22443
584 11563
585 46792
586 52325
587 33299
588 12943
589 58909
590 4525
591 25707
592 31320
593 56230
594 51731
595 37010
596 41303
597 30143
598 35642
599 10636
600 40030
601 43060
602 6487
603 24866
604 14614
605 30609
606 21244
607 40489
608 7
609 44450
610 38655
611 23063
612 30850
613 14100
614 16039
615 30499
616 63816
617 61546
618 48329
619 44925
620 33663
621 42324
622 21617
623 3871
624 27369
625 2988
626 55173
627 26679
628 45765
629 38406
630 51452
631 16920
632 35448
633 46892
634 3338
635 42334
636 982
637 58262
638 13834
639 10191
640 54899
641 15857
642 37314
643 2286
644 6648
645 56904
646 6795
647 24379
648 44834
649 3030
650 22395
651 31907
652 22028
653 7865
654 61062
655 4029
656 58158
657 57456
658 25315
659 2087
660 34394
661 9577
662 48743
663 11997
664 57665
665 9641
666 3872
667 14555
668 23929
669 62333
670 61081
671 41253
672 48043
673 37669
674 30966
675 47330
676 44241
677 15834
678 53213
679 21806
680 45691
681 24707
682 64428
683 11789
684 99
685 23684
686 9071
687 19011
688 59046
689 33821
690 37491
