0 1
1 0
2 0
3 0
4 1
5 0
6 6
7 3
8 46
9 118
10 612
11 2012
12 8300
13 28340
14 35618
15 5971
16 41609
17 58765
18 34579
19 13289
20 32702
21 52859
22 2546
23 34636
24 27318
25 5763
26 4077
27 24182
28 61381
29 8397
30 35076
31 50731
32 56214
33 19021
34 34661
35 651
36 14588
37 38881
38 30011
39 18370
40 50950
41 31924
42 60787
43 59451
44 40249
45 21414
46 17572
47 60312
48 62142
49 32962
50 16682
51 7570
52 16694
53 24132
54 29185
55 35764
56 20838
57 26150
58 38461
59 156
60 50198
61 29702
62 7624
63 29516
64 22153
65 14761
66 59076
67 52029
68 14443
69 1471
70 51768
71 36666
72 60407
73 58539
74 20789
75 46504
76 7696
77 24513
78 30951
79 7057
80 10159
81 37943
82 9408
83 52023
84 58483
85 36012
86 54296
87 13928
88 14118
89 52765
90 39190
91 39892
92 25249
93 9972
94 24142
95 49031
96 51743
97 15147
98 7122
99 63150
100 3831
101 11223
102 26545
103 28850
104 51402
105 28173
106 49076
107 37543
108 10038
109 16857
110 29694
111 13915
112 58424
113 44362
114 21885
115 43018
116 2359
117 52556
118 19090
119 871
120 50815
121 63869
122 15920
123 13874
124 56690
125 20255
126 5117
127 32911
128 65083
129 63307
130 11960
131 61999
132 61955
133 12307
134 55296
135 51775
136 23198
137 43722
138 3855
139 50354
140 21816
141 5792
142 60056
143 50383
144 63199
145 20820
146 63264
147 34825
148 44473
149 38641
150 9496
151 25723
152 30728
153 25686
154 7674
155 14831
156 23059
157 42748
158 59372
159 59372
160 49229
161 53377
162 59766
163 37279
164 57304
165 46839
166 57613
167 44191
168 57201
169 56042
170 58731
171 12074
172 45497
173 35869
174 35922
175 12657
176 38313
177 45831
178 50486
179 21448
180 20568
181 44819
182 22545
183 34787
184 23841
185 2354
186 30516
187 57381
188 32001
189 41798
190 20354
191 14947
192 38473
193 64605
194 34717
195 53511
196 46849
197 30628
198 43678
199 19713
200 2951
201 45637
202 33738
203 44864
204 36764
205 45822
206 11451
207 64539
208 62464
209 45389
210 52177
211 45866
212 41173
213 49999
214 51660
215 33973
216 56463
217 56244
218 31393
219 57446
220 30799
221 17203
222 14017
223 63248
224 20292
225 52509
226 35809
227 4090
228 18906
229 20456
230 15606
231 23867
232 153
233 35372
234 62098
235 16955
236 24377
237 39559
238 47743
239 22978
240 14641
241 62125
242 9406
243 22301
244 25542
245 19854
246 41951
247 46125
248 62746
249 62620
250 61028
251 11562
252 9147
253 1527
254 56090
255 29738
256 39517
257 20344
258 35933
259 38581
260 12182
261 35876
262 64851
263 28971
264 37911
265 30791
266 9091
267 1599
268 1492
269 21356
270 45508
271 30934
272 16176
273 45110
274 35869
275 57825
276 39938
277 38807
278 6563
279 44359
280 27526
281 49549
282 27030
283 53079
284 11441
285 34233
286 19398
287 5891
288 32049
289 63816
290 48192
291 13978
292 11596
293 30915
294 60264
295 8341
296 52308
297 24090
298 46970
299 43535
300 712
301 42443
302 44803
303 25317
304 46529
305 7535
306 47921
307 21527
308 2941
309 62662
310 31177
311 2743
312 12226
313 21901
314 7017
315 24457
316 33570
317 19291
318 11864
319 1383
320 42059
321 59626
322 20155
323 40161
324 5906
325 21824
326 39467
327 15447
328 57671
329 55010
330 47598
331 12186
332 9803
333 61939
334 47707
335 2748
336 31888
337 3847
338 8630
339 56910
340 55779
341 21395
342 60633
343 32758
344 33667
345 5971
346 46808
347 18868
348 40907
349 14789
350 37325
351 26935
352 49871
353 51670
354 59056
355 9531
356 36231
357 64637
358 24714
359 9879
360 47529
361 33551
362 22088
363 47427
364 39765
365 59054
366 50719
367 28930
368 54172
369 25279
370 48502
371 8624
372 4962
373 32970
374 32074
375 39108
376 2990
377 11923
378 53637
379 45440
380 60258
381 19041
382 8339
383 30198
384 37981
385 61476
386 15867
387 59813
388 64829
389 804
390 52537
391 58193
392 11319
393 16180
394 26162
395 11834
396 52286
397 15080
398 44630
399 18275
400 63315
401 56364
402 16830
403 1666
404 36771
405 12691
406 62296
407 30697
408 44226
409 12309
410 19128
411 8096
412 3264
413 55336
414 61369
415 45241
416 56305
417 28985
418 19577
419 62725
420 27745
421 54329
422 38074
423 5121
424 9556
425 14170
426 5988
427 19039
428 30185
429 49016
430 35960
431 25804
432 55560
433 54914
434 57833
435 21381
436 32576
437 33528
438 37608
439 2242
440 9041
441 64349
442 38330
443 44488
444 3044
445 4675
446 64766
447 61818
448 9522
449 19607
450 50893
451 48100
452 43827
453 56092
454 26917
455 31543
456 64288
457 24807
458 32243
459 356
460 27462
461 61948
462 34416
463 15362
464 14066
465 49761
466 23932
467 9788
468 55585
469 7973
470 9642
471 4128
472 33927
473 34370
474 12547
475 46923
476 9369
477 38990
478 40195
479 43372
480 31720
481 48336
482 25428
483 49314
484 25312
485 14524
486 60407
487 284
488 34615
489 24466
490 57208
491 58744
492 57112
493 27885
494 15806
495 55634
496 20261
497 45062
498 25264
499 64390
500 14276
501 55313
502 699
503 49124
504 56641
505 19178
506 39206
507 30882
508 45680
509 62957
510 12929
511 15420
512 5502
513 33433
514 32063
515 22734
516 30143
517 54974
518 34896
519 39046
520 14030
521 21282
522 46067
523 33700
524 14268
525 47904
526 43763
527 22772
528 58669
529 6644
530 14039
531 16960
532 50590
533 28969
534 50637
535 64242
536 41040
537 18303
538 10647
539 611
540 60119
541 22372
542 43255
543 17622
544 42003
545 31342
546 60735
547 42290
548 17544
549 51096
550 22155
551 52503
552 40608
553 20028
554 25651
555 16809
556 1360
557 48651
558 21688
559 62748
560 43738
561 31101
562 25199
563 10329
564 16067
565 14707
566 46775
567 55816
568 46866
569 6417
570 43993
571 38978
572 909
573 53802
574 62136
575 41102
576 65058
577 7870
578 45862
579 25168
580 34253
581 7264
582 4331
583 10927
584 3873
585 19641
586 8671
587 45598
588 30795
589 24888
590 15377
591 2576
592 36213
593 62752
594 64748
595 29313
596 21948
597 37082
598 47063
599 57199
600 19104
601 38905
602 15908
603 22987
604 50375
605 542
606 48206
607 27733
608 57614
609 54659
610 49604
611 56208
612 34839
613 56225
614 57464
615 62734
616 11018
617 5760
618 9133
619 53287
620 26445
621 38200
622 63399
623 50635
624 40226
625 16757
626 18559
627 43700
628 2591
629 26708
630 43447
631 16704
632 42313
633 60571
634 46082
635 46052
636 55270
637 42849
638 17447
639 50918
640 785
641 20043
642 5904
643 472
644 18344
645 15909
646 28211
647 25105
648 49665
649 8105
650 19650
651 33602
652 52605
653 8560
654 20962
655 59400
656 23230
657 19700
658 60488
659 47551
660 54754
661 254
662 34355
663 31176
664 63190
665 13939
666 17842
667 12278
668 59506
669 55713
670 58623
671 48724
672 46369
673 24934
674 977
675 15970
676 45224
677 49549
678 34969
679 55763
680 46518
681 31243
682 9476
683 44035
684 8810
685 39744
686 44690
687 44794
688 8059
689 46994
690 52378
