0 1
1 0
2 0
3 0
4 1
5 0
6 6
7 3
8 46
9 118
10 612
11 2012
12 8300
13 28340
14 35668
15 6221
16 42409
17 61315
18 42479
19 36689
20 34845
21 46238
22 64697
23 53589
24 14026
25 15362
26 5907
27 36266
28 27267
29 34357
30 21995
31 33844
32 55178
33 10169
34 19117
35 59157
36 7869
37 36958
38 35791
39 2343
40 64066
41 58477
42 21852
43 10874
44 10883
45 41726
46 62462
47 14789
48 65114
49 27699
50 12494
51 45557
52 19950
53 21532
54 58947
55 61000
56 19210
57 13594
58 42012
59 30566
60 15550
61 26597
62 17939
63 27189
64 17411
65 10498
66 29400
67 25148
68 36268
69 21201
70 38561
71 43364
72 53717
73 41717
74 24009
75 64422
76 2839
77 54005
78 61772
79 38795
80 2709
81 59407
82 5952
83 21607
84 29532
85 57513
86 19008
87 2595
88 58829
89 37996
90 53416
91 63781
92 30683
93 60357
94 50026
95 59369
96 33035
97 10983
98 55785
99 11583
100 46489
101 15075
102 52944
103 10399
104 11610
105 2226
106 7791
107 51337
108 39709
109 21074
110 11546
111 5052
112 3803
113 30395
114 16084
115 31463
116 49583
117 17942
118 24449
119 13538
120 6063
121 14599
122 39037
123 40403
124 57255
125 4777
126 29316
127 20926
128 9313
129 19824
130 43287
131 42444
132 37067
133 6510
134 51148
135 10845
136 42400
137 49104
138 3465
139 33407
140 38530
141 22079
142 45061
143 26483
144 19276
145 59267
146 62873
147 63068
148 41549
149 5477
150 14212
151 140
152 47479
153 15462
154 52315
155 48002
156 15225
157 22780
158 55871
159 8703
160 51035
161 60847
162 53239
163 55961
164 27642
165 7280
166 5997
167 11908
168 14793
169 56206
170 59346
171 57988
172 1342
173 40893
174 26681
175 56993
176 53689
177 48009
178 41704
179 35184
180 45983
181 63456
182 55967
183 63948
184 26857
185 64212
186 8011
187 57444
188 50069
189 60136
190 31934
191 57851
192 32119
193 10575
194 8373
195 42590
196 7513
197 45471
198 27451
199 14394
200 37980
201 24615
202 12904
203 53343
204 8604
205 26694
206 7779
207 58999
208 38951
209 6034
210 44335
211 31991
212 10762
213 611
214 3409
215 56095
216 20075
217 4558
218 36809
219 18923
220 30079
221 61809
222 27386
223 35632
224 47184
225 36654
226 56874
227 55183
228 61187
229 37772
230 1102
231 44442
232 46666
233 29237
234 18085
235 222
236 61895
237 56040
238 10009
239 39514
240 14688
241 10935
242 14045
243 55789
244 44137
245 14645
246 56180
247 28275
248 20173
249 25087
250 2830
251 48690
252 26083
253 38404
254 47095
255 29507
256 22549
257 36137
258 14612
259 48224
260 39100
261 62888
262 14579
263 5862
264 55813
265 17132
266 43241
267 29198
268 18964
269 22025
270 55254
271 60272
272 48229
273 34930
274 15036
275 49128
276 44591
277 1565
278 241
279 3593
280 32502
281 45900
282 60231
283 64868
284 8573
285 17370
286 28547
287 32246
288 19580
289 3584
290 22960
291 18189
292 51053
293 5218
294 1892
295 3046
296 10673
297 18027
298 31753
299 20136
300 16910
301 56960
302 33378
303 43687
304 13644
305 1184
306 23381
307 11158
308 52604
309 25991
310 4293
311 35874
312 29518
313 18139
314 53943
315 29387
316 59353
317 22621
318 4110
319 20841
320 39459
321 57777
322 53560
323 4120
324 20885
325 43182
326 17419
327 41446
328 63433
329 4456
330 64096
331 57225
332 23979
333 11857
334 45608
335 32875
336 22872
337 47908
338 4054
339 1530
340 43045
341 8107
342 43751
343 12451
344 31230
345 24894
346 57415
347 8111
348 18084
349 64835
350 3665
351 53810
352 55555
353 26896
354 29416
355 46130
356 32412
357 63584
358 31938
359 51037
360 40729
361 18333
362 9190
363 42334
364 38878
365 5526
366 42261
367 53994
368 32386
369 38738
370 60445
371 53667
372 61917
373 25131
374 40045
375 38621
376 24094
377 59790
378 61676
379 48348
380 33724
381 18891
382 59430
383 25795
384 30511
385 64471
386 23460
387 54954
388 29494
389 1977
390 10207
391 6580
392 50706
393 24435
394 43157
395 41645
396 33359
397 11511
398 23405
399 46122
400 2332
401 17301
402 5512
403 61264
404 7490
405 21306
406 50276
407 35636
408 34434
409 63841
410 20595
411 58959
412 52485
413 38481
414 18659
415 36465
416 18680
417 1028
418 55847
419 27075
420 36119
421 13319
422 27823
423 47274
424 3955
425 27197
426 35743
427 32829
428 46147
429 29897
430 13208
431 59050
432 9959
433 35817
434 40273
435 55324
436 12828
437 6040
438 13260
439 62708
440 63251
441 5467
442 58465
443 23386
444 13279
445 20225
446 41272
447 28337
448 60088
449 19458
450 59219
451 51074
452 24651
453 36633
454 179
455 34321
456 23727
457 42735
458 48841
459 9559
460 41496
461 1576
462 57258
463 33368
464 32277
465 48053
466 29955
467 62817
468 4592
469 55749
470 9767
471 29350
472 22103
473 44369
474 11615
475 14854
476 2120
477 57203
478 54074
479 35692
480 4332
481 11042
482 42377
483 62510
484 26827
485 927
486 1065
487 2710
488 22985
489 27078
490 60094
491 37793
492 21884
493 11520
494 40442
495 58898
496 52690
497 17771
498 49198
499 33896
500 16421
501 11673
502 24876
503 41020
504 32951
505 24561
506 123
507 52611
508 37010
509 7443
510 38657
511 18639
512 22756
513 36227
514 3735
515 33512
516 36650
517 9693
518 13168
519 62390
520 30764
521 60028
522 10231
523 15454
524 57729
525 29538
526 53078
527 19822
528 17149
529 26920
530 43391
531 35456
532 13015
533 31888
534 21658
535 24231
536 26392
537 44605
538 11199
539 29355
540 48075
541 9735
542 33132
543 8628
544 15923
545 23225
546 63960
547 47831
548 13995
549 39066
550 40215
551 35370
552 51121
553 27171
554 17644
555 29418
556 58253
557 28254
558 5393
559 50029
560 43398
561 13790
562 59676
563 36442
564 20540
565 7934
566 1242
567 60612
568 41158
569 10559
570 61012
571 50526
572 18266
573 18491
574 28573
575 49205
576 6419
577 28181
578 5780
579 7051
580 14059
581 62886
582 2601
583 49788
584 51078
585 52429
586 12606
587 27384
588 52600
589 1436
590 62191
591 11529
592 33492
593 8522
594 51194
595 7253
596 56013
597 35958
598 16478
599 10238
600 40881
601 51458
602 398
603 53464
604 18451
605 45661
606 34903
607 31512
608 29706
609 22285
610 4394
611 21020
612 51536
613 11498
614 52387
615 14870
616 30402
617 195
618 7568
619 34251
620 32569
621 5322
622 32010
623 58539
624 13253
625 57315
626 26078
627 49176
628 61970
629 14764
630 1638
631 29806
632 36663
633 21215
634 4287
635 41344
636 63000
637 50119
638 41614
639 22869
640 58979
641 4223
642 42061
643 3463
644 57025
645 49098
646 63682
647 17263
648 54722
649 17985
650 62002
651 13208
652 31262
653 33842
654 50528
655 46686
656 58304
657 14063
658 34478
659 35701
660 15113
661 24125
662 3003
663 13423
664 38875
665 20641
666 147
667 14349
668 1999
669 63361
670 38278
671 9938
672 46276
673 44436
674 59107
675 54055
676 20943
677 20898
678 60211
679 14841
680 1386
681 7195
682 28050
683 35616
684 28466
685 65202
686 8998
687 38006
688 14341
689 29231
690 56054
