0 1
1 0
2 0
3 0
4 1
5 0
6 6
7 3
8 46
9 118
10 612
11 2012
12 8300
13 28340
14 35632
15 6041
16 41833
17 59479
18 36791
19 19841
20 51602
21 40512
22 17262
23 31884
24 2106
25 9625
26 53275
27 60466
28 1364
29 3292
30 57105
31 60846
32 42750
33 52385
34 53959
35 7994
36 35302
37 27968
38 62080
39 64244
40 24682
41 60840
42 49563
43 27272
44 25968
45 59589
46 36018
47 54340
48 36911
49 3516
50 57431
51 21838
52 65063
53 17518
54 37353
55 12642
56 59976
57 56937
58 43459
59 13804
60 13857
61 45860
62 31296
63 55791
64 30158
65 37422
66 57
67 6408
68 38275
69 8129
70 59916
71 46170
72 59354
73 8646
74 675
75 32579
76 49305
77 21257
78 26340
79 55387
80 13065
81 3421
82 38820
83 9172
84 51412
85 63009
86 55766
87 61132
88 20316
89 46179
90 39134
91 25597
92 63284
93 53945
94 55464
95 7619
96 59478
97 12886
98 6411
99 21554
100 15648
101 27601
102 43890
103 64802
104 59607
105 5869
106 27781
107 32746
108 20383
109 15665
110 65047
111 27235
112 135
113 28373
114 17633
115 7871
116 35585
117 11126
118 30243
119 38379
120 11964
121 1960
122 36149
123 45376
124 10993
125 14854
126 5583
127 54937
128 6680
129 18142
130 48164
131 2223
132 46382
133 1633
134 7863
135 35880
136 55973
137 17071
138 17013
139 17920
140 51
141 19035
142 21756
143 35660
144 17594
145 64247
146 40978
147 56478
148 27337
149 24366
150 57249
151 32995
152 4263
153 40564
154 5526
155 46490
156 56208
157 16059
158 59426
159 30550
160 35667
161 18135
162 7331
163 8372
164 41050
165 50798
166 62806
167 43145
168 11865
169 47182
170 25802
171 23741
172 60244
173 62796
174 868
175 59632
176 40678
177 21087
178 7758
179 39389
180 53106
181 25827
182 64542
183 47086
184 41017
185 11147
186 35236
187 44198
188 7773
189 45593
190 35399
191 38697
192 31353
193 4300
194 18826
195 57344
196 47550
197 48043
198 10716
199 27390
200 43736
201 40526
202 54371
203 37442
204 14609
205 36455
206 45490
207 26233
208 39664
209 42614
210 16615
211 57686
212 6841
213 32978
214 35015
215 61877
216 6645
217 34908
218 4956
219 9554
220 25582
221 32977
222 49173
223 38758
224 33273
225 31972
226 36808
227 26236
228 41558
229 2694
230 32882
231 26343
232 19654
233 41591
234 62580
235 36770
236 30081
237 46854
238 40687
239 4764
240 8058
241 22726
242 35200
243 32816
244 63616
245 34046
246 2559
247 18362
248 60619
249 9524
250 2379
251 13043
252 57939
253 28069
254 12404
255 43110
256 21824
257 30240
258 49849
259 38193
260 33451
261 26860
262 5776
263 28302
264 19401
265 51823
266 65335
267 33206
268 4637
269 20468
270 36982
271 41761
272 11993
273 56733
274 58186
275 55743
276 8645
277 60514
278 2579
279 28070
280 14966
281 25075
282 60742
283 22298
284 16373
285 22123
286 42802
287 56519
288 20773
289 12506
290 12422
291 55945
292 36445
293 56630
294 28940
295 10745
296 27252
297 4616
298 40254
299 34940
300 43046
301 64205
302 46750
303 5320
304 3626
305 8613
306 48786
307 1560
308 36106
309 29010
310 27774
311 27916
312 22421
313 28376
314 14010
315 33244
316 26281
317 34233
318 16822
319 59300
320 59643
321 6604
322 18777
323 36332
324 38245
325 60022
326 58914
327 63906
328 63066
329 50512
330 16827
331 12318
332 15662
333 64217
334 12770
335 58914
336 1129
337 59924
338 26445
339 23553
340 48265
341 44980
342 62605
343 30605
344 2351
345 57084
346 29814
347 6855
348 17886
349 10013
350 34063
351 11940
352 9489
353 63752
354 36025
355 58030
356 11916
357 51681
358 42660
359 9434
360 46163
361 33945
362 50382
363 55499
364 12166
365 56888
366 28929
367 63860
368 39350
369 52660
370 46485
371 64273
372 48477
373 63417
374 9774
375 24569
376 61855
377 45804
378 19536
379 56242
380 26819
381 37239
382 11300
383 49187
384 42672
385 48267
386 49407
387 4618
388 11896
389 63155
390 11157
391 39691
392 31871
393 1834
394 50037
395 28154
396 787
397 11439
398 47800
399 16393
400 26933
401 48160
402 64128
403 47464
404 55947
405 3202
406 17747
407 37601
408 9167
409 32902
410 43069
411 20273
412 56953
413 8866
414 13413
415 58278
416 44309
417 53971
418 23211
419 9096
420 5787
421 31004
422 53481
423 8077
424 28837
425 5118
426 24944
427 4738
428 40750
429 46622
430 7722
431 34611
432 61632
433 11404
434 39040
435 53356
436 6259
437 3993
438 24059
439 63504
440 27333
441 59158
442 24617
443 33094
444 20368
445 35229
446 9962
447 42698
448 58038
449 28259
450 23529
451 28112
452 41514
453 356
454 40788
455 62394
456 15996
457 31715
458 2600
459 36196
460 13297
461 57903
462 9016
463 37003
464 23035
465 55278
466 61461
467 52710
468 21758
469 42558
470 11421
471 3630
472 11029
473 21151
474 43960
475 52465
476 57926
477 61023
478 27197
479 60150
480 54523
481 49242
482 45860
483 59198
484 56703
485 4759
486 55851
487 46365
488 52157
489 34690
490 44237
491 8151
492 22251
493 33843
494 20947
495 43191
496 61328
497 54418
498 27751
499 28513
500 17215
501 41753
502 18058
503 55531
504 49964
505 26742
506 34061
507 46784
508 43877
509 59038
510 59964
511 55446
512 42465
513 12501
514 48558
515 63160
516 54550
517 9144
518 44653
519 54852
520 25869
521 33310
522 38846
523 60803
524 15075
525 22139
526 62931
527 25217
528 59907
529 47842
530 47311
531 39373
532 59934
533 39737
534 42519
535 17812
536 24976
537 31730
538 41167
539 47937
540 5412
541 33217
542 63681
543 53321
544 4265
545 60851
546 17270
547 46786
548 837
549 12054
550 22229
551 46914
552 16655
553 19596
554 5397
555 55925
556 44656
557 51052
558 37345
559 56870
560 43786
561 62761
562 57849
563 3722
564 58685
565 781
566 51722
567 43728
568 9562
569 55800
570 9350
571 19597
572 1194
573 44343
574 22559
575 31963
576 51423
577 12198
578 5209
579 40339
580 62257
581 1470
582 51323
583 36668
584 50118
585 59492
586 849
587 55046
588 61601
589 22208
590 6068
591 57809
592 14063
593 62103
594 56141
595 51106
596 1847
597 7232
598 6792
599 38525
600 32578
601 18865
602 57256
603 34127
604 17313
605 37052
606 21018
607 64663
608 33358
609 33435
610 5768
611 27138
612 37781
613 10041
614 26303
615 39606
616 13457
617 58371
618 47986
619 41168
620 3280
621 50284
622 19988
623 53266
624 54770
625 62449
626 37168
627 35260
628 22938
629 8745
630 38437
631 9429
632 2634
633 36826
634 47293
635 20691
636 22719
637 49878
638 64933
639 43640
640 28966
641 60594
642 31243
643 41918
644 21027
645 53874
646 12693
647 17986
648 60297
649 9774
650 45616
651 15510
652 15289
653 54101
654 45578
655 44596
656 62479
657 21764
658 16916
659 30308
660 154
661 40328
662 61426
663 28109
664 12073
665 28988
666 10445
667 27547
668 18888
669 21206
670 16840
671 45215
672 37352
673 29790
674 40170
675 1627
676 36638
677 14723
678 58027
679 27024
680 49151
681 22957
682 17886
683 7303
684 20060
685 47407
686 11191
687 49075
688 63423
689 35531
690 16046
