0 1
1 0
2 0
3 0
4 1
5 0
6 6
7 3
8 46
9 118
10 612
11 2012
12 8300
13 28340
14 35602
15 5891
16 41353
17 57949
18 32051
19 5801
20 11102
21 57658
22 32527
23 47333
24 37988
25 21413
26 63433
27 28602
28 10454
29 16632
30 59437
31 42199
32 45547
33 59390
34 28203
35 51108
36 27796
37 14501
38 43342
39 52140
40 42724
41 28095
42 38362
43 6447
44 31190
45 8881
46 36699
47 5100
48 58780
49 60017
50 18981
51 56089
52 3308
53 4958
54 33401
55 1788
56 61082
57 18258
58 53566
59 43812
60 64150
61 23279
62 10680
63 60694
64 30248
65 12201
66 43819
67 40755
68 11386
69 50067
70 1720
71 39506
72 9119
73 10164
74 60760
75 59590
76 40815
77 52058
78 18026
79 17065
80 5273
81 20731
82 9677
83 29091
84 52071
85 3441
86 47686
87 62172
88 34823
89 65146
90 10275
91 34365
92 13569
93 34411
94 41924
95 13471
96 61257
97 31629
98 42275
99 9895
100 3441
101 44844
102 29827
103 1531
104 43705
105 25334
106 30780
107 60409
108 32967
109 43391
110 27488
111 62545
112 3702
113 45668
114 24173
115 54969
116 36655
117 30127
118 10206
119 31380
120 35018
121 6805
122 142
123 46009
124 2803
125 39058
126 44898
127 3839
128 6119
129 35723
130 31921
131 39371
132 29921
133 58004
134 35066
135 14284
136 3702
137 36031
138 28302
139 36808
140 61030
141 25484
142 47565
143 14056
144 45953
145 4990
146 53613
147 46947
148 1911
149 37157
150 55750
151 9215
152 29874
153 24557
154 28313
155 32582
156 31156
157 13875
158 31415
159 19285
160 47824
161 55246
162 24028
163 9577
164 16231
165 44097
166 15340
167 9211
168 17944
169 54526
170 9796
171 2305
172 1167
173 32192
174 60038
175 23207
176 9812
177 44965
178 23387
179 21340
180 35282
181 18961
182 33112
183 16684
184 37957
185 35303
186 25732
187 22480
188 16968
189 33930
190 55376
191 13822
192 26243
193 26721
194 52629
195 35366
196 15337
197 17551
198 42885
199 8407
200 2158
201 54749
202 48126
203 60853
204 54625
205 38986
206 14147
207 1526
208 53742
209 6460
210 26817
211 14900
212 49490
213 37889
214 43949
215 44861
216 64968
217 63162
218 1235
219 33377
220 43214
221 35840
222 2926
223 42321
224 742
225 49894
226 52352
227 23446
228 19140
229 52452
230 22854
231 33629
232 49372
233 11144
234 49457
235 45822
236 56979
237 19089
238 39032
239 3936
240 41421
241 53534
242 8715
243 43053
244 18625
245 23694
246 63882
247 47308
248 62493
249 13683
250 45500
251 46226
252 9377
253 6460
254 26754
255 43581
256 51503
257 12258
258 1451
259 11505
260 2056
261 40075
262 61412
263 17784
264 40082
265 6595
266 59977
267 14345
268 17301
269 24193
270 36908
271 63509
272 37170
273 47201
274 6547
275 11188
276 38877
277 5589
278 25264
279 48230
280 60180
281 13270
282 1687
283 48109
284 29906
285 48298
286 12547
287 31951
288 19428
289 55639
290 56164
291 63643
292 16984
293 7437
294 6948
295 53183
296 65400
297 22774
298 41485
299 5887
300 40807
301 6628
302 48528
303 32819
304 55379
305 64039
306 26930
307 6255
308 13223
309 30771
310 48648
311 44846
312 20367
313 62301
314 40116
315 50103
316 58086
317 40903
318 50813
319 25624
320 15436
321 55239
322 39930
323 38179
324 32524
325 20315
326 29720
327 9101
328 54241
329 30402
330 40193
331 31188
332 26637
333 35910
334 58910
335 39233
336 49529
337 62464
338 97
339 54705
340 35694
341 63043
342 48962
343 30107
344 5214
345 62229
346 45162
347 50124
348 26940
349 24046
350 23009
351 54085
352 7159
353 29298
354 46659
355 8300
356 61297
357 11529
358 18750
359 5221
360 34884
361 31693
362 59019
363 10283
364 5463
365 9386
366 4101
367 25415
368 59818
369 54318
370 52642
371 25518
372 1336
373 3903
374 10108
375 64695
376 52829
377 35259
378 1683
379 5973
380 63064
381 28789
382 9878
383 5566
384 4281
385 63045
386 35648
387 3677
388 20558
389 44465
390 59251
391 26112
392 64223
393 17196
394 26133
395 19622
396 29973
397 47172
398 9737
399 32366
400 36283
401 51924
402 36674
403 49678
404 62875
405 13924
406 31119
407 17315
408 65315
409 48624
410 45787
411 43114
412 35869
413 173
414 31796
415 39218
416 59382
417 61746
418 46853
419 45383
420 42768
421 20632
422 33160
423 15331
424 29729
425 48747
426 7953
427 19924
428 61870
429 9840
430 14623
431 18074
432 16589
433 63976
434 30645
435 43167
436 28882
437 15346
438 13157
439 61467
440 27647
441 41235
442 39434
443 32620
444 4774
445 1313
446 7990
447 37220
448 52275
449 58958
450 15247
451 53007
452 9633
453 46581
454 58688
455 55910
456 51966
457 44320
458 6803
459 54136
460 44271
461 4259
462 21065
463 44201
464 9355
465 51214
466 18413
467 29057
468 37725
469 35611
470 18628
471 59231
472 34129
473 5368
474 33903
475 11107
476 55824
477 48487
478 24159
479 11986
480 22839
481 10821
482 62562
483 27948
484 24183
485 25335
486 15086
487 49855
488 54765
489 64460
490 15445
491 2632
492 16049
493 25158
494 13971
495 42014
496 39527
497 9588
498 27608
499 6453
500 55920
501 29512
502 63203
503 44329
504 14647
505 17834
506 44627
507 64045
508 38776
509 5313
510 3326
511 3999
512 36066
513 5843
514 12445
515 33394
516 48738
517 24108
518 48548
519 53868
520 22405
521 41948
522 40464
523 24505
524 29342
525 17376
526 63456
527 65128
528 64030
529 36949
530 39599
531 40322
532 13046
533 9835
534 11581
535 34129
536 27317
537 11891
538 3991
539 29865
540 31050
541 14035
542 19292
543 12958
544 7442
545 33075
546 23965
547 48948
548 26129
549 62520
550 27585
551 24911
552 12001
553 52324
554 56279
555 44745
556 21705
557 31620
558 22080
559 40746
560 52877
561 44615
562 48749
563 17421
564 34118
565 49171
566 61412
567 30491
568 3953
569 5252
570 46440
571 32387
572 61487
573 27729
574 64050
575 27133
576 1978
577 10290
578 36997
579 18722
580 57743
581 30178
582 44951
583 3027
584 16405
585 56940
586 55551
587 7248
588 60971
589 11924
590 16608
591 43937
592 29404
593 32639
594 4691
595 8548
596 3970
597 47064
598 27212
599 8032
600 58267
601 57602
602 63915
603 19422
604 53242
605 21804
606 12369
607 39131
608 57004
609 921
610 35224
611 7203
612 58532
613 24902
614 21982
615 42388
616 12330
617 46927
618 40171
619 49946
620 18581
621 3700
622 20737
623 56853
624 21613
625 5328
626 26057
627 20432
628 14611
629 59820
630 39071
631 2087
632 53058
633 5727
634 40682
635 38305
636 44571
637 62762
638 17894
639 27287
640 9644
641 22919
642 47900
643 60869
644 7015
645 49865
646 56411
647 12721
648 1188
649 44513
650 62396
651 53171
652 45048
653 27067
654 38803
655 58246
656 41538
657 47643
658 20596
659 21457
660 46810
661 32065
662 47635
663 38826
664 32583
665 55453
666 13952
667 65102
668 43102
669 58471
670 24416
671 11888
672 439
673 57941
674 40260
675 27720
676 21305
677 44535
678 60197
679 40261
680 6416
681 31693
682 57083
683 22021
684 48059
685 43627
686 55142
687 25560
688 23079
689 34836
690 11089
