0 1
1 0
2 0
3 0
4 1
5 0
6 6
7 3
8 46
9 118
10 612
11 2012
12 8300
13 28340
14 35702
15 6391
16 42953
17 63049
18 47851
19 52601
20 15456
21 44520
22 26359
23 20644
24 13412
25 45735
26 14650
27 19431
28 19862
29 57043
30 7758
31 22768
32 10934
33 44963
34 37184
35 51566
36 62990
37 543
38 57473
39 63156
40 51161
41 47818
42 144
43 21869
44 19368
45 283
46 60135
47 52622
48 43502
49 8522
50 25238
51 58329
52 19346
53 11270
54 41910
55 39396
56 43616
57 41204
58 17009
59 33801
60 26081
61 62678
62 61438
63 57952
64 42792
65 21860
66 7008
67 59331
68 17
69 10336
70 46259
71 60014
72 881
73 30762
74 6810
75 6509
76 36843
77 50499
78 47137
79 35727
80 35978
81 11643
82 9154
83 56865
84 42482
85 8549
86 22302
87 6742
88 17173
89 1263
90 29177
91 61551
92 43824
93 12792
94 57445
95 3568
96 27169
97 23182
98 10928
99 41406
100 44289
101 7241
102 13692
103 6768
104 49614
105 6819
106 63792
107 55527
108 35868
109 21903
110 38195
111 20765
112 49354
113 54822
114 25358
115 19593
116 61062
117 24040
118 47530
119 52950
120 34416
121 31451
122 37168
123 55810
124 41906
125 21711
126 40236
127 11489
128 4036
129 65155
130 48947
131 36561
132 59645
133 60462
134 15673
135 5268
136 2671
137 43803
138 19462
139 42708
140 33347
141 42721
142 23107
143 58248
144 49656
145 23531
146 54403
147 62360
148 37917
149 42138
150 44115
151 5590
152 22209
153 11321
154 59093
155 58647
156 15921
157 26294
158 31697
159 14590
160 15487
161 17798
162 26538
163 31816
164 12926
165 30222
166 11436
167 8847
168 3689
169 47716
170 20528
171 31482
172 6961
173 10267
174 12667
175 16444
176 19959
177 2246
178 58187
179 46318
180 53218
181 7191
182 30115
183 7233
184 54764
185 3083
186 62050
187 42021
188 31983
189 19438
190 64074
191 1032
192 40085
193 14165
194 6800
195 37163
196 566
197 14921
198 58990
199 61010
200 8426
201 38421
202 63721
203 38219
204 55055
205 25015
206 31351
207 49615
208 5043
209 16581
210 38289
211 14212
212 13256
213 62918
214 17103
215 15810
216 30946
217 28471
218 58956
219 49574
220 25182
221 31461
222 39021
223 51863
224 34034
225 45991
226 63739
227 36016
228 7580
229 52208
230 20237
231 12505
232 50787
233 22227
234 12392
235 21791
236 3201
237 21374
238 13133
239 40771
240 38668
241 24182
242 50967
243 5525
244 20846
245 10737
246 42561
247 30460
248 42583
249 3106
250 31767
251 11863
252 6289
253 60756
254 52935
255 4597
256 37857
257 40556
258 12518
259 36106
260 18815
261 8738
262 4302
263 11979
264 53587
265 45456
266 54232
267 37911
268 30431
269 63627
270 8521
271 19793
272 17347
273 63873
274 12008
275 52155
276 51677
277 26106
278 34672
279 20896
280 38710
281 265
282 35233
283 49474
284 44116
285 52472
286 17610
287 27819
288 48626
289 47696
290 24617
291 64825
292 48533
293 7227
294 40215
295 26467
296 61
297 60786
298 30053
299 5192
300 4995
301 7050
302 17293
303 35899
304 2220
305 38758
306 34702
307 8702
308 25070
309 48432
310 12806
311 48999
312 2243
313 40900
314 59873
315 27500
316 36109
317 16588
318 10215
319 4080
320 45596
321 47267
322 5458
323 61885
324 58760
325 50890
326 596
327 21066
328 60016
329 21601
330 55733
331 34889
332 26241
333 64176
334 56238
335 22064
336 32311
337 50236
338 45008
339 5751
340 6821
341 12538
342 15495
343 31863
344 18382
345 30153
346 49450
347 47432
348 3466
349 15726
350 39153
351 44914
352 10745
353 41660
354 64058
355 48558
356 61443
357 32218
358 6654
359 20040
360 21099
361 5509
362 49959
363 51850
364 49417
365 36351
366 17396
367 55545
368 36905
369 38394
370 52266
371 11344
372 15432
373 50677
374 35275
375 1233
376 48127
377 29037
378 10135
379 63617
380 10770
381 28090
382 8841
383 65160
384 37573
385 19749
386 57019
387 7759
388 44029
389 1819
390 56769
391 9142
392 58122
393 60417
394 42537
395 25352
396 154
397 21966
398 2685
399 59623
400 10871
401 25254
402 46418
403 29534
404 12653
405 36347
406 62761
407 5356
408 44035
409 33992
410 33319
411 34152
412 53787
413 2794
414 20846
415 43928
416 14523
417 36342
418 48507
419 40892
420 9749
421 22728
422 42052
423 27579
424 20907
425 31624
426 263
427 45870
428 39901
429 747
430 6943
431 44939
432 37607
433 42897
434 23149
435 62433
436 61776
437 40813
438 10334
439 36787
440 10702
441 5879
442 34705
443 58730
444 52128
445 13623
446 10604
447 7611
448 21572
449 26598
450 38650
451 65048
452 49647
453 13825
454 59294
455 48972
456 49575
457 31953
458 32579
459 57650
460 45600
461 58395
462 18576
463 59741
464 57469
465 40293
466 29904
467 43219
468 2334
469 40377
470 12378
471 16791
472 64346
473 23846
474 26911
475 39188
476 688
477 58593
478 24295
479 587
480 36766
481 501
482 40235
483 41915
484 25512
485 26706
486 49016
487 20267
488 25250
489 30569
490 26478
491 27667
492 56906
493 49763
494 23716
495 42046
496 61069
497 19385
498 8167
499 14513
500 23800
501 36320
502 22753
503 37286
504 53280
505 32163
506 52111
507 35706
508 30505
509 7123
510 19155
511 38079
512 57686
513 59132
514 47506
515 3566
516 20951
517 23408
518 24535
519 21425
520 60833
521 16169
522 47341
523 33441
524 20400
525 61349
526 24030
527 62229
528 15457
529 340
530 11204
531 31362
532 6569
533 23773
534 38943
535 10362
536 45591
537 21356
538 32097
539 38683
540 24542
541 18968
542 17587
543 39172
544 10969
545 28700
546 42021
547 8227
548 16571
549 55139
550 38115
551 39468
552 17458
553 27493
554 11049
555 53921
556 8550
557 52596
558 6833
559 43209
560 64484
561 53749
562 45551
563 49369
564 18136
565 62144
566 31749
567 53096
568 34406
569 23117
570 15090
571 17792
572 49567
573 14552
574 36131
575 22489
576 33844
577 36472
578 56988
579 24720
580 23731
581 32432
582 42473
583 7448
584 41179
585 23184
586 49633
587 61517
588 19025
589 2174
590 3477
591 65154
592 39789
593 44097
594 55304
595 24629
596 21738
597 5659
598 41754
599 29588
600 15344
601 17473
602 58165
603 41132
604 53543
605 28273
606 18337
607 19085
608 39979
609 61293
610 26192
611 36710
612 26183
613 38783
614 3141
615 44197
616 51226
617 1038
618 10816
619 32380
620 5197
621 25253
622 47212
623 33176
624 28421
625 49196
626 32592
627 35485
628 43424
629 58089
630 46447
631 36313
632 48584
633 17890
634 40337
635 50130
636 40484
637 53476
638 53082
639 39376
640 26800
641 16803
642 65081
643 38946
644 49073
645 23169
646 12051
647 17306
648 58507
649 9407
650 5803
651 8838
652 8423
653 58885
654 49450
655 33789
656 28887
657 20266
658 56370
659 50924
660 21832
661 62954
662 48303
663 64569
664 6058
665 52769
666 9637
667 30200
668 42657
669 37934
670 36552
671 4247
672 33657
673 38204
674 23134
675 9124
676 63742
677 49109
678 4623
679 51620
680 59810
681 52159
682 16827
683 50167
684 19862
685 56690
686 58306
687 58558
688 59789
689 32434
690 1819
