0 1
1 0
2 0
3 0
4 1
5 0
6 6
7 3
8 46
9 118
10 612
11 2012
12 8300
13 28340
14 35528
15 5521
16 40169
17 54175
18 20359
19 36666
20 42196
21 39334
22 49631
23 18912
24 12958
25 63819
26 26006
27 3517
28 36319
29 7466
30 39277
31 38980
32 9199
33 11540
34 28375
35 11324
36 27471
37 59670
38 1312
39 61874
40 44163
41 57000
42 6929
43 44571
44 28251
45 55534
46 46960
47 12181
48 55692
49 31002
50 36601
51 52224
52 46658
53 21950
54 29837
55 64368
56 43285
57 40239
58 47042
59 12258
60 24378
61 16689
62 8688
63 49493
64 19258
65 47979
66 36606
67 57592
68 41082
69 26570
70 55157
71 39916
72 37628
73 62809
74 24926
75 11377
76 9884
77 52507
78 38873
79 7071
80 51294
81 18566
82 732
83 56534
84 16845
85 26608
86 20401
87 19084
88 24737
89 37044
90 2734
91 44302
92 2010
93 39432
94 28690
95 53171
96 13589
97 59973
98 40289
99 40316
100 28383
101 26521
102 9716
103 39125
104 40842
105 64154
106 65135
107 61141
108 14408
109 16781
110 7891
111 27443
112 8478
113 10345
114 44830
115 52022
116 24687
117 10955
118 9536
119 36076
120 8179
121 17420
122 8464
123 33780
124 46023
125 63625
126 25818
127 44160
128 29494
129 8276
130 11502
131 16783
132 11634
133 10427
134 1136
135 10626
136 9025
137 28629
138 21273
139 59651
140 38934
141 60958
142 10696
143 18762
144 43769
145 32734
146 21445
147 8636
148 31537
149 21502
150 54971
151 47076
152 56095
153 62788
154 50177
155 62170
156 46473
157 3760
158 45338
159 17075
160 4376
161 44103
162 12381
163 18243
164 4044
165 16236
166 15000
167 33926
168 980
169 45776
170 31779
171 46095
172 46735
173 29199
174 42506
175 25980
176 49707
177 2932
178 49090
179 49985
180 20965
181 25520
182 53653
183 2101
184 40608
185 65058
186 5513
187 26833
188 64547
189 27541
190 36950
191 38832
192 4879
193 12010
194 54722
195 17238
196 32021
197 38256
198 50449
199 48365
200 44603
201 6231
202 4455
203 8237
204 6831
205 7801
206 4381
207 54037
208 30379
209 10891
210 39251
211 16315
212 30730
213 1001
214 24099
215 5904
216 9920
217 61077
218 13874
219 22169
220 3353
221 48026
222 18432
223 62208
224 64083
225 6243
226 49605
227 52192
228 37812
229 57659
230 10552
231 59011
232 60293
233 6584
234 32063
235 39179
236 428
237 43021
238 11178
239 19160
240 37366
241 51202
242 49306
243 5191
244 59807
245 52625
246 59762
247 58318
248 3010
249 4815
250 26425
251 35941
252 60821
253 1200
254 38365
255 21882
256 30305
257 39493
258 64689
259 49940
260 30699
261 44931
262 13259
263 50322
264 37841
265 51392
266 32883
267 11211
268 64410
269 54758
270 21633
271 10081
272 41394
273 33931
274 56099
275 38764
276 23223
277 5510
278 34240
279 43094
280 2931
281 33119
282 62571
283 49784
284 1403
285 3927
286 42100
287 45936
288 48185
289 127
290 50103
291 23533
292 64840
293 29761
294 17462
295 20917
296 22148
297 46265
298 43557
299 48266
300 2396
301 13302
302 43926
303 30478
304 20933
305 41435
306 4558
307 65194
308 41757
309 65253
310 13112
311 55200
312 64158
313 42993
314 24610
315 20928
316 61499
317 43221
318 3488
319 52248
320 49837
321 7873
322 41394
323 17226
324 38337
325 16034
326 20654
327 56998
328 63940
329 17526
330 61440
331 1303
332 61320
333 12598
334 57117
335 37706
336 26885
337 11719
338 14400
339 55326
340 7576
341 21365
342 9293
343 26878
344 51049
345 14714
346 34945
347 61609
348 3027
349 40202
350 28116
351 60379
352 49478
353 31364
354 44982
355 45521
356 1987
357 3887
358 4523
359 54546
360 43633
361 27787
362 52760
363 43269
364 54015
365 33613
366 57984
367 55252
368 40446
369 33088
370 2099
371 51660
372 22236
373 60936
374 59477
375 33134
376 44829
377 7789
378 13835
379 56318
380 23402
381 17459
382 53555
383 9723
384 50770
385 18807
386 61016
387 35
388 20138
389 63004
390 3873
391 8940
392 8499
393 6853
394 19075
395 10476
396 13719
397 36748
398 23057
399 59283
400 45917
401 44224
402 4447
403 40263
404 33386
405 44736
406 10298
407 57615
408 42936
409 12145
410 30272
411 507
412 32872
413 18935
414 15662
415 44284
416 40824
417 50154
418 47198
419 54088
420 8434
421 12379
422 38630
423 28859
424 6767
425 38820
426 52860
427 34565
428 1078
429 20108
430 32418
431 54955
432 27098
433 62514
434 58500
435 58917
436 53103
437 17069
438 52058
439 36738
440 57996
441 58652
442 40108
443 42024
444 64493
445 64988
446 57132
447 10442
448 3131
449 50627
450 21106
451 4181
452 21973
453 29480
454 42547
455 20150
456 38011
457 58744
458 18581
459 32123
460 27036
461 3305
462 22007
463 60320
464 22114
465 34209
466 15326
467 52161
468 44695
469 50208
470 8089
471 28542
472 59706
473 671
474 16867
475 46687
476 4222
477 13581
478 56935
479 39025
480 47912
481 28830
482 59293
483 28140
484 19013
485 19542
486 62517
487 44902
488 10115
489 13709
490 5736
491 28746
492 52937
493 58839
494 57273
495 58956
496 28326
497 61732
498 57119
499 36694
500 21301
501 8552
502 11710
503 60034
504 27269
505 43018
506 15323
507 15526
508 64294
509 22184
510 4412
511 10653
512 51190
513 11816
514 30733
515 45746
516 37410
517 24693
518 39231
519 31299
520 55347
521 21277
522 29654
523 62347
524 29766
525 61949
526 61430
527 37439
528 47173
529 58777
530 32034
531 13469
532 34678
533 19688
534 20117
535 16105
536 24886
537 47910
538 2879
539 19956
540 60761
541 11333
542 54640
543 42043
544 40166
545 2568
546 41479
547 25814
548 28035
549 55773
550 35684
551 9969
552 50876
553 62978
554 35076
555 20903
556 42711
557 14826
558 15774
559 55607
560 17847
561 24430
562 11308
563 56938
564 22233
565 39079
566 57399
567 38764
568 42758
569 17455
570 58700
571 39766
572 27619
573 22994
574 60918
575 15557
576 56002
577 50066
578 42951
579 51012
580 39475
581 42356
582 49464
583 9638
584 5733
585 13874
586 23010
587 27421
588 39252
589 64194
590 25581
591 46190
592 39237
593 24383
594 51177
595 24671
596 8285
597 24049
598 5344
599 55577
600 2347
601 38790
602 37236
603 8877
604 42499
605 5951
606 55010
607 6754
608 61769
609 61918
610 11879
611 27358
612 37834
613 39705
614 64411
615 24320
616 13996
617 30333
618 24561
619 55888
620 2249
621 65187
622 60099
623 13905
624 8191
625 52267
626 26179
627 36668
628 58482
629 22545
630 20557
631 62096
632 48473
633 34413
634 46681
635 22878
636 12428
637 49517
638 64505
639 35369
640 33543
641 60750
642 13077
643 26141
644 33294
645 23336
646 23837
647 27944
648 58026
649 29456
650 60246
651 24362
652 43446
653 26750
654 3596
655 9235
656 7044
657 5584
658 43105
659 20639
660 29725
661 52800
662 60249
663 36151
664 55655
665 59226
666 48634
667 46268
668 10269
669 48468
670 26559
671 34999
672 6254
673 37376
674 418
675 39376
676 37598
677 7719
678 36688
679 64414
680 38741
681 57896
682 65260
683 56831
684 53474
685 20530
686 47761
687 44787
688 39517
689 14861
690 10761
