0 1
1 0
2 0
3 0
4 1
5 0
6 6
7 3
8 46
9 118
10 612
11 2012
12 8300
13 28340
14 35644
15 6101
16 42025
17 60091
18 38687
19 25457
20 2421
21 20611
22 11240
23 38999
24 27553
25 32507
26 13612
27 3692
28 19400
29 49532
30 19949
31 45441
32 57033
33 18117
34 36096
35 58457
36 4282
37 46010
38 26361
39 61344
40 11787
41 41267
42 23264
43 1423
44 55320
45 45184
46 44085
47 43406
48 8269
49 6793
50 29558
51 51109
52 54904
53 49711
54 25417
55 7928
56 25007
57 18392
58 46130
59 36797
60 29946
61 10234
62 32546
63 32250
64 50428
65 56387
66 8069
67 63385
68 54232
69 11594
70 8022
71 30412
72 24202
73 7486
74 19137
75 33710
76 3982
77 43130
78 12037
79 43218
80 60612
81 48912
82 64413
83 27133
84 58693
85 34278
86 1508
87 23997
88 46031
89 19654
90 63677
91 8474
92 18878
93 2809
94 17132
95 37812
96 16165
97 32580
98 57075
99 48978
100 31497
101 49927
102 5105
103 39166
104 50055
105 132
106 58502
107 28207
108 18196
109 15907
110 4717
111 55502
112 46642
113 44287
114 6247
115 32874
116 45668
117 62049
118 14178
119 905
120 11994
121 21898
122 12752
123 30601
124 40557
125 25166
126 57912
127 52063
128 4218
129 5974
130 14762
131 30506
132 54887
133 31778
134 27445
135 54836
136 8513
137 31957
138 15298
139 60352
140 20365
141 33057
142 56540
143 25902
144 15731
145 14331
146 4362
147 50515
148 62078
149 54830
150 17526
151 29814
152 62235
153 65134
154 447
155 20988
156 36923
157 45979
158 44795
159 6492
160 37392
161 38879
162 13310
163 56600
164 51723
165 32609
166 11540
167 57845
168 26498
169 38236
170 17840
171 59211
172 31084
173 53168
174 26560
175 29054
176 57839
177 5561
178 5040
179 58644
180 56820
181 28152
182 58795
183 62696
184 27962
185 46950
186 39186
187 39620
188 9273
189 8664
190 57030
191 22305
192 42712
193 41304
194 58250
195 9666
196 20524
197 3930
198 28839
199 47960
200 25408
201 402
202 41156
203 47885
204 55604
205 25573
206 6294
207 59691
208 59092
209 12611
210 54278
211 20407
212 14861
213 56324
214 57359
215 21001
216 2345
217 38980
218 46251
219 8309
220 17950
221 60896
222 11775
223 61217
224 35223
225 43958
226 44418
227 7846
228 61109
229 41829
230 61261
231 267
232 8846
233 17860
234 21221
235 10672
236 44540
237 60063
238 63810
239 16769
240 45744
241 29178
242 17830
243 3852
244 18026
245 56988
246 47999
247 46534
248 23209
249 3736
250 63855
251 34533
252 34626
253 16829
254 18962
255 56285
256 45111
257 56548
258 63431
259 56498
260 2106
261 38082
262 63376
263 14729
264 18103
265 28941
266 9487
267 37988
268 44959
269 32195
270 23985
271 56864
272 30315
273 1123
274 53947
275 8613
276 33970
277 38595
278 43587
279 1895
280 44958
281 13080
282 41786
283 56237
284 32429
285 64832
286 58873
287 1343
288 60192
289 58756
290 49979
291 23853
292 24879
293 12906
294 43744
295 11226
296 54325
297 12080
298 2982
299 31200
300 41881
301 58550
302 23046
303 17916
304 5021
305 43753
306 26528
307 59333
308 26492
309 27000
310 41364
311 16131
312 57194
313 56553
314 61623
315 58947
316 36681
317 34566
318 41352
319 42011
320 1617
321 59043
322 41325
323 42747
324 4318
325 315
326 17850
327 1574
328 8356
329 14862
330 32823
331 52742
332 21454
333 63840
334 30795
335 27113
336 61919
337 32834
338 60351
339 56820
340 52558
341 12713
342 57555
343 43820
344 53757
345 54404
346 31738
347 64656
348 36005
349 6626
350 44761
351 63022
352 11461
353 19992
354 27597
355 22429
356 40573
357 57298
358 48912
359 9518
360 47484
361 144
362 61690
363 5623
364 2224
365 14324
366 41262
367 42304
368 34203
369 29891
370 32626
371 59857
372 59433
373 12382
374 41939
375 45473
376 806
377 25221
378 16280
379 54115
380 33365
381 867
382 44256
383 14734
384 23880
385 38678
386 35525
387 50723
388 8509
389 16010
390 10624
391 11105
392 58764
393 52933
394 7732
395 18917
396 13242
397 11431
398 65004
399 16109
400 8244
401 37457
402 17468
403 4620
404 37758
405 63757
406 31469
407 44492
408 7612
409 2143
410 59670
411 53405
412 4980
413 8975
414 29029
415 32021
416 46148
417 53631
418 60136
419 5567
420 12068
421 14764
422 24505
423 30574
424 54066
425 34597
426 545
427 21828
428 51089
429 39266
430 38766
431 2016
432 24732
433 44990
434 55351
435 46456
436 32543
437 50072
438 21371
439 39039
440 56175
441 2195
442 7382
443 11360
444 57412
445 31146
446 50783
447 12431
448 54813
449 31820
450 27859
451 48480
452 2461
453 61090
454 54482
455 48099
456 52315
457 13635
458 51851
459 42339
460 49698
461 60930
462 49991
463 58530
464 4978
465 26696
466 57750
467 46357
468 12313
469 30298
470 4740
471 44852
472 37201
473 14178
474 64780
475 26575
476 44389
477 17410
478 20563
479 37616
480 28304
481 49797
482 10425
483 58966
484 40226
485 37167
486 9177
487 34154
488 51641
489 27466
490 52412
491 24984
492 55973
493 21928
494 60806
495 58180
496 50262
497 27336
498 31663
499 32119
500 11371
501 8239
502 31238
503 2341
504 4247
505 58064
506 63906
507 53783
508 26990
509 54936
510 33387
511 32201
512 32739
513 4633
514 57841
515 39268
516 26876
517 17483
518 20477
519 7983
520 4971
521 30514
522 35316
523 42167
524 61800
525 10100
526 38370
527 13218
528 27797
529 10587
530 62971
531 24695
532 18835
533 25902
534 34423
535 35746
536 12982
537 60523
538 42378
539 44473
540 57472
541 45721
542 48852
543 51469
544 64170
545 49217
546 9703
547 12014
548 713
549 32303
550 61687
551 61097
552 55934
553 54502
554 54251
555 27851
556 29817
557 12869
558 11074
559 23685
560 38772
561 23860
562 40464
563 51247
564 9529
565 38112
566 22886
567 45121
568 57699
569 11972
570 38893
571 57605
572 64732
573 22407
574 12594
575 16687
576 56764
577 25463
578 8388
579 35812
580 26022
581 60628
582 31546
583 61660
584 23971
585 36037
586 18437
587 54805
588 60907
589 59240
590 57987
591 58923
592 50797
593 42902
594 36491
595 14755
596 12635
597 57280
598 50880
599 64862
600 46640
601 8714
602 14128
603 10066
604 47607
605 37116
606 3831
607 58574
608 40502
609 43372
610 57591
611 52321
612 6481
613 55538
614 37228
615 44580
616 61754
617 42458
618 34021
619 20267
620 25917
621 33028
622 10456
623 57557
624 37459
625 38206
626 30490
627 10277
628 64805
629 59734
630 28355
631 31438
632 18677
633 62375
634 60714
635 30607
636 2886
637 59093
638 37938
639 41631
640 52096
641 43297
642 25388
643 65252
644 18920
645 9171
646 5908
647 3511
648 18011
649 64254
650 24022
651 47466
652 25259
653 62920
654 63207
655 40224
656 56452
657 52300
658 5265
659 41111
660 21698
661 50099
662 17065
663 44373
664 22372
665 44669
666 8200
667 14027
668 6040
669 23567
670 37622
671 32538
672 54972
673 12174
674 4792
675 21532
676 56031
677 41321
678 40470
679 37581
680 20850
681 38507
682 15364
683 35184
684 5337
685 60936
686 6854
687 24559
688 60912
689 2059
690 62064
