0 1
1 0
2 0
3 0
4 1
5 0
6 6
7 3
8 46
9 118
10 612
11 2012
12 8300
13 28340
14 35606
15 5911
16 41417
17 58153
18 32683
19 7673
20 16502
21 7391
22 8668
23 27783
24 2557
25 50072
26 48246
27 26645
28 4770
29 26017
30 25499
31 17872
32 37293
33 29816
34 29309
35 36132
36 26957
37 64687
38 19193
39 11071
40 42851
41 11515
42 2738
43 43701
44 20721
45 4959
46 36946
47 65135
48 12180
49 58057
50 4237
51 58758
52 26238
53 50271
54 19014
55 15947
56 4767
57 43064
58 2028
59 48393
60 17767
61 17978
62 7454
63 4699
64 11710
65 314
66 10594
67 36649
68 53489
69 47950
70 18766
71 54095
72 56516
73 60461
74 38472
75 58183
76 24035
77 10735
78 14311
79 58156
80 49651
81 36602
82 11631
83 15822
84 50087
85 11996
86 47749
87 31396
88 61103
89 23068
90 45503
91 26337
92 3748
93 15893
94 29553
95 50237
96 62430
97 2683
98 64300
99 49042
100 25625
101 10918
102 11261
103 45064
104 43551
105 51842
106 65367
107 22920
108 20583
109 24511
110 41179
111 29115
112 33672
113 2309
114 63962
115 5614
116 3271
117 15418
118 31136
119 43449
120 29702
121 45423
122 10005
123 61932
124 14098
125 28418
126 45325
127 46754
128 61165
129 49098
130 51250
131 30035
132 52633
133 46887
134 21447
135 49088
136 62419
137 12462
138 49788
139 42172
140 32834
141 32686
142 22334
143 41488
144 48520
145 44792
146 31701
147 51581
148 29597
149 32970
150 15447
151 26997
152 4543
153 36496
154 33612
155 33130
156 50743
157 47187
158 36130
159 16984
160 2736
161 38755
162 38570
163 54791
164 52685
165 43754
166 61704
167 49286
168 40780
169 8687
170 25546
171 14414
172 16886
173 27821
174 62047
175 24668
176 30394
177 40134
178 14294
179 48494
180 28719
181 20612
182 83
183 15863
184 53290
185 29926
186 43120
187 30604
188 52111
189 34502
190 7853
191 36332
192 663
193 63796
194 32610
195 9167
196 252
197 5808
198 39459
199 14860
200 54551
201 6039
202 59845
203 53143
204 10304
205 56589
206 39345
207 8112
208 60605
209 23721
210 54505
211 202
212 38375
213 43173
214 62820
215 26130
216 15821
217 41982
218 51688
219 58850
220 37045
221 51425
222 43798
223 634
224 46133
225 33057
226 5337
227 42530
228 28872
229 44691
230 20341
231 45978
232 41350
233 51305
234 21835
235 54936
236 37319
237 37860
238 50302
239 43266
240 9459
241 10558
242 40924
243 17290
244 15273
245 55779
246 55177
247 19145
248 12083
249 57080
250 51067
251 25523
252 36400
253 56911
254 47496
255 43722
256 47472
257 25547
258 63694
259 10001
260 24732
261 13548
262 43818
263 19885
264 30187
265 6659
266 8690
267 60
268 9981
269 35024
270 63680
271 15424
272 23893
273 24376
274 41476
275 32604
276 17502
277 3956
278 35699
279 60273
280 62979
281 26493
282 31723
283 34761
284 58822
285 59833
286 61792
287 25908
288 40117
289 4272
290 17462
291 10129
292 60161
293 27811
294 40410
295 21950
296 14198
297 51695
298 40116
299 31575
300 5552
301 29442
302 47685
303 19361
304 24040
305 18703
306 34961
307 18318
308 35935
309 11363
310 20700
311 14523
312 42121
313 22523
314 18745
315 6103
316 58482
317 42130
318 19046
319 28890
320 63581
321 30466
322 26443
323 8557
324 60404
325 20691
326 28467
327 30254
328 64440
329 8603
330 62380
331 32066
332 47271
333 21256
334 12226
335 31337
336 46
337 26507
338 14440
339 21060
340 46373
341 13420
342 63967
343 51266
344 29896
345 17180
346 11232
347 49700
348 57197
349 60861
350 551
351 21292
352 50092
353 62819
354 63374
355 30870
356 23224
357 13768
358 7786
359 18952
360 34393
361 25967
362 51569
363 47895
364 42416
365 43854
366 32006
367 60066
368 43196
369 3414
370 2500
371 2754
372 28173
373 13752
374 25805
375 17555
376 30446
377 58707
378 46664
379 7526
380 49078
381 34158
382 40870
383 2159
384 48466
385 45214
386 13902
387 36810
388 63313
389 17042
390 20812
391 45668
392 20700
393 56755
394 41382
395 2634
396 5761
397 36237
398 12658
399 31951
400 35475
401 52601
402 40006
403 38167
404 60946
405 25973
406 41344
407 11416
408 42084
409 11180
410 50041
411 19277
412 40267
413 9290
414 25104
415 33892
416 36454
417 41485
418 37426
419 42712
420 43774
421 1614
422 6916
423 26628
424 51704
425 13123
426 1208
427 22764
428 58368
429 31624
430 27380
431 29465
432 50896
433 63953
434 58242
435 38757
436 8141
437 14917
438 46121
439 12838
440 351
441 36041
442 45070
443 15550
444 56967
445 52573
446 9450
447 32547
448 55700
449 1139
450 36989
451 57852
452 35198
453 39091
454 40974
455 38661
456 15622
457 23145
458 44583
459 44447
460 55085
461 25044
462 16986
463 59205
464 44672
465 16204
466 29125
467 29187
468 30541
469 14407
470 60111
471 1527
472 5668
473 31039
474 31645
475 8219
476 51693
477 31331
478 37727
479 3371
480 23087
481 50431
482 63642
483 45679
484 56977
485 64152
486 59447
487 56106
488 428
489 50983
490 34525
491 19857
492 58552
493 15520
494 27832
495 53259
496 33338
497 61425
498 60674
499 36770
500 46328
501 6688
502 18854
503 51782
504 51803
505 28462
506 59833
507 38907
508 43595
509 35762
510 39508
511 9173
512 9828
513 50999
514 40581
515 50038
516 48304
517 55179
518 10442
519 17522
520 45489
521 27811
522 46986
523 1673
524 25524
525 39175
526 58563
527 7532
528 15134
529 7454
530 40418
531 21562
532 53320
533 2912
534 51927
535 22166
536 38383
537 30740
538 7725
539 26499
540 6109
541 47368
542 36479
543 28948
544 20296
545 8921
546 37970
547 38669
548 23428
549 21021
550 43373
551 33126
552 35275
553 13564
554 28246
555 32972
556 60339
557 46329
558 10925
559 46157
560 60730
561 53097
562 48685
563 14397
564 18362
565 53912
566 13148
567 3636
568 5760
569 25654
570 34026
571 31282
572 57955
573 45912
574 57026
575 7201
576 12349
577 7612
578 56550
579 44707
580 27079
581 31347
582 36327
583 8114
584 33714
585 50821
586 35541
587 6551
588 3123
589 60296
590 46545
591 22293
592 10641
593 59192
594 59683
595 24723
596 63915
597 41881
598 60225
599 40713
600 51365
601 21980
602 52860
603 9611
604 454
605 57608
606 50033
607 54996
608 9736
609 41454
610 44127
611 29133
612 55982
613 35248
614 22000
615 3505
616 6175
617 17810
618 43207
619 52321
620 27608
621 35652
622 30390
623 39236
624 53591
625 50445
626 14740
627 42458
628 11873
629 7610
630 27623
631 31288
632 27896
633 8694
634 6497
635 54920
636 14247
637 48352
638 29334
639 31393
640 31356
641 64018
642 24159
643 57057
644 29131
645 5897
646 43902
647 43365
648 24985
649 57696
650 38728
651 26122
652 16565
653 25726
654 11332
655 46267
656 5685
657 23121
658 11682
659 56326
660 6182
661 38647
662 32514
663 64067
664 7596
665 29961
666 18928
667 44338
668 20856
669 51757
670 18981
671 61432
672 45739
673 43488
674 20653
675 44677
676 26036
677 4516
678 40857
679 10519
680 28930
681 48426
682 61555
683 4872
684 4292
685 61453
686 9310
687 36335
688 12272
689 6359
690 11188
