0 1
1 0
2 0
3 0
4 1
5 0
6 6
7 3
8 46
9 118
10 612
11 2012
12 8300
13 28340
14 35578
15 5771
16 40969
17 56725
18 28259
19 60016
20 44149
21 32193
22 44955
23 34075
24 55073
25 47648
26 28533
27 52272
28 8007
29 29034
30 31327
31 35025
32 18477
33 17746
34 26166
35 4951
36 52035
37 52616
38 2598
39 59622
40 47196
41 31527
42 50400
43 5446
44 63076
45 32856
46 24262
47 2055
48 22150
49 21873
50 56869
51 33104
52 32414
53 37504
54 63645
55 28108
56 54697
57 8472
58 38087
59 37844
60 2172
61 43584
62 44462
63 51667
64 26501
65 61967
66 41689
67 49244
68 64572
69 32619
70 54896
71 43561
72 3591
73 22007
74 51666
75 46554
76 54732
77 55275
78 18047
79 58599
80 55839
81 10888
82 6926
83 21113
84 43917
85 15611
86 32862
87 49334
88 44807
89 27477
90 13527
91 19700
92 50269
93 3820
94 16348
95 31769
96 29816
97 16776
98 22935
99 17759
100 62282
101 47638
102 13077
103 46963
104 38334
105 35728
106 28953
107 34763
108 14946
109 45856
110 41773
111 45003
112 40273
113 61361
114 18412
115 2521
116 23671
117 39899
118 12143
119 53648
120 57591
121 1367
122 62939
123 51984
124 58232
125 20265
126 43249
127 36392
128 42134
129 3133
130 61760
131 12786
132 61369
133 52057
134 63690
135 36062
136 58829
137 6129
138 33066
139 40772
140 34534
141 56605
142 57070
143 35740
144 5432
145 9418
146 15114
147 28371
148 8786
149 42650
150 15884
151 20742
152 54966
153 40155
154 48228
155 13133
156 13227
157 3047
158 59909
159 24183
160 40264
161 42721
162 13082
163 63800
164 23688
165 7925
166 49160
167 4716
168 5451
169 18415
170 55560
171 44525
172 11394
173 29916
174 33422
175 26671
176 43450
177 4201
178 62825
179 40942
180 46806
181 23301
182 41697
183 48009
184 40740
185 59687
186 61306
187 43656
188 50268
189 27821
190 2077
191 64220
192 3286
193 53045
194 24616
195 35293
196 4816
197 22575
198 7978
199 22475
200 58080
201 2801
202 33008
203 46716
204 29119
205 36135
206 53527
207 60512
208 34617
209 39693
210 56470
211 11031
212 63229
213 22757
214 56323
215 18566
216 18265
217 11482
218 12887
219 58253
220 54329
221 55241
222 57663
223 58867
224 28603
225 53287
226 7192
227 1156
228 46354
229 23205
230 47785
231 57358
232 59953
233 44323
234 37396
235 64340
236 56762
237 32118
238 13007
239 37768
240 55584
241 14567
242 35135
243 30305
244 52336
245 17925
246 2675
247 10663
248 5971
249 48112
250 27288
251 13387
252 49845
253 29352
254 36781
255 58905
256 60473
257 38766
258 296
259 29625
260 25634
261 24640
262 47081
263 18290
264 65357
265 28654
266 30406
267 19253
268 28998
269 33975
270 41441
271 40681
272 19214
273 29880
274 28777
275 47745
276 9510
277 32840
278 26570
279 50397
280 31348
281 25018
282 38037
283 61508
284 62569
285 64212
286 49597
287 12763
288 35293
289 53153
290 18500
291 15894
292 59632
293 14064
294 39236
295 54846
296 56640
297 63350
298 41439
299 59295
300 51248
301 23596
302 46240
303 50568
304 51768
305 19797
306 6443
307 18088
308 31710
309 31466
310 55506
311 13607
312 34710
313 62541
314 23623
315 40432
316 50435
317 10651
318 18630
319 60428
320 57685
321 12411
322 52055
323 24880
324 55173
325 31075
326 35210
327 61356
328 7785
329 26844
330 11276
331 43313
332 30995
333 8081
334 44300
335 14970
336 52147
337 40130
338 22405
339 39736
340 17674
341 14610
342 59597
343 43454
344 60805
345 17808
346 7973
347 20537
348 44570
349 42814
350 292
351 61865
352 38302
353 18697
354 50556
355 21741
356 40976
357 18017
358 53365
359 38569
360 47046
361 55337
362 19411
363 6673
364 1864
365 8840
366 36308
367 4828
368 38199
369 31394
370 9755
371 34972
372 11838
373 60637
374 54508
375 26351
376 27698
377 25803
378 27067
379 44841
380 35013
381 52205
382 10213
383 64123
384 12213
385 55962
386 64268
387 1881
388 55911
389 34483
390 41392
391 57185
392 60357
393 60316
394 47144
395 39097
396 11883
397 62514
398 60444
399 53685
400 44748
401 11947
402 53841
403 60115
404 40632
405 10836
406 22242
407 57950
408 39988
409 8016
410 32846
411 34885
412 36695
413 9101
414 60810
415 54154
416 51600
417 45277
418 580
419 21228
420 16401
421 30701
422 16975
423 32925
424 33706
425 45843
426 62059
427 24060
428 27447
429 7871
430 8776
431 4645
432 1314
433 6398
434 53547
435 53033
436 58366
437 11981
438 11960
439 11876
440 12418
441 30162
442 44721
443 39436
444 52590
445 62245
446 5343
447 5735
448 14944
449 58843
450 52436
451 64465
452 36815
453 21742
454 26390
455 26859
456 38688
457 40737
458 54319
459 4943
460 38489
461 60778
462 17049
463 2900
464 35899
465 45973
466 33566
467 7925
468 61806
469 55795
470 16244
471 3749
472 57667
473 29021
474 64685
475 26339
476 11952
477 40829
478 5355
479 10596
480 4500
481 22806
482 48904
483 2463
484 57556
485 56984
486 49994
487 16992
488 34754
489 43955
490 27133
491 3110
492 36883
493 40432
494 60310
495 40544
496 969
497 178
498 48197
499 25069
500 32989
501 64316
502 49113
503 8974
504 2053
505 19665
506 13414
507 48760
508 14559
509 15602
510 3321
511 49840
512 51135
513 23434
514 32383
515 25733
516 22511
517 10002
518 6945
519 49546
520 47934
521 49719
522 5608
523 4367
524 45904
525 61782
526 63621
527 48848
528 25161
529 19666
530 29704
531 20476
532 16529
533 6622
534 39716
535 40021
536 33181
537 52359
538 13589
539 17515
540 15270
541 58243
542 10522
543 36473
544 53813
545 15210
546 53197
547 24480
548 23840
549 13006
550 17363
551 42045
552 8504
553 20883
554 42796
555 23197
556 62373
557 22564
558 22710
559 25648
560 15062
561 38179
562 3817
563 26325
564 10690
565 64632
566 37577
567 38039
568 24795
569 16274
570 36318
571 35546
572 42865
573 62375
574 42473
575 20743
576 63561
577 51152
578 29248
579 47442
580 19092
581 28579
582 39244
583 50689
584 30526
585 44217
586 45702
587 60754
588 11219
589 40073
590 39042
591 53199
592 43
593 50338
594 8174
595 57194
596 7810
597 257
598 7336
599 11921
600 19532
601 2048
602 39965
603 9463
604 40431
605 59585
606 45518
607 63590
608 38702
609 50334
610 65320
611 34720
612 23183
613 13692
614 58999
615 45193
616 31277
617 20076
618 58971
619 25456
620 33011
621 11164
622 61223
623 5179
624 27861
625 31526
626 47816
627 40876
628 58208
629 58503
630 44383
631 1250
632 47096
633 30782
634 40109
635 10791
636 17771
637 14254
638 36286
639 45431
640 9836
641 4065
642 3199
643 39219
644 7983
645 499
646 38592
647 14075
648 43838
649 52368
650 39475
651 42244
652 7420
653 56891
654 39430
655 25133
656 10726
657 3926
658 25841
659 2666
660 44321
661 24028
662 10616
663 29357
664 26261
665 1815
666 49629
667 39031
668 21070
669 50946
670 15538
671 43836
672 29783
673 663
674 29279
675 32371
676 48503
677 17587
678 21974
679 42313
680 10636
681 29662
682 26348
683 59425
684 58115
685 6859
686 7545
687 36108
688 2249
689 8857
690 54366
